,0,1,2,3,4,5,6,7,8,9,10,11,12,13,14,15,16,17,18,19,20,21,22,23,24,25,26,27,28,29,30,31,32,33,34,35,36,37,38,39,40,41,42,43,44,45,46,47,48,49,50,51,52,53,54,55,56,57,58,59,60,61,62,63,64,65,66,67,68,69,70,71,72,73,74,75,76,77,78,79,80,81,82,83,84,85,86,87,88,89,90,91,92,93,94,95,96,97,98,99,100,101,102,103,104,105,106,107,108,109,110,111,112,113,114,115,116,117,118,119,120,121,122,123,124,125,126,127,128,129,130,131,132,133,134,135,136,137,138,139,140,141,142,143,144,145,146,147,148,149,150,151,152,153,154,155,156,157,158,159,160,161,162,163,164,165,166,167,168,169,170,171,172,173,174,175,176,177,178,179,180,181,182,183,184,185,186,187,188,189,190,191,192,193,194,195,196,197,198,199
0,0.0,0.0,0.0,0.0,0.0,0.0,0.0,0.0,0.0,0.0,0.0,0.0,0.0,0.0,0.0,0.0,0.0,0.0,0.0,0.0,0.0,0.0,0.0,0.0,0.0,0.0,0.0,0.0,0.0,0.0,0.0,0.0,0.0,0.0,0.0,0.0,0.0,0.0,0.0,0.0,0.0,0.0,0.0,0.0,0.0,0.0,0.0,0.0,0.0,0.0,0.0,0.0,0.0,0.0,0.0,0.0,0.0,0.0,0.0,0.0,0.0,0.0,0.0,0.0,0.0,0.0,0.0,0.0,0.0,0.0,0.0,0.0,0.0,0.0,0.0,0.0,0.0,0.0,0.0,0.0,0.0,0.0,0.0,0.0,0.0,0.0,0.0,0.0,0.0,0.0,0.0,0.0,0.0,0.0,0.0,0.0,0.0,0.0,0.0,0.0,0.0,0.0,0.0,0.0,0.0,0.0,0.0,0.0,0.0,0.0,0.0,0.0,0.0,0.0,0.0,0.0,0.0,0.0,0.0,0.0,0.0,0.0,0.0,0.0,0.0,0.0,0.0,0.0,0.0,0.0,0.0,0.0,0.0,0.0,0.0,0.0,0.0,0.0,0.0,0.0,0.0,0.0,0.0,0.0,0.0,0.0,0.0,0.0,0.0,0.0,0.0,0.0,0.0,0.0,0.0,0.0,0.0,0.0,0.0,0.0,0.0,0.0,0.0,0.0,0.0,0.0,0.0,0.0,0.0,0.0,0.0,0.0,0.0,0.0,0.0,0.0,0.0,0.0,0.0,0.0,0.0,0.0,0.0,0.0,0.0,0.0,0.0,0.0,0.0,0.0,0.0,0.0,0.0,0.0,0.0,0.0,0.0,0.0,0.0,0.0
1,0.0,0.0,0.0,0.0,0.0,0.0,0.0,0.0,0.0,0.0,0.0,0.0,0.0,0.0,0.0,0.0,0.0,0.0,0.0,0.0,0.0,0.0,0.0,0.0,0.0,0.0,0.0,0.0,0.0,0.0,0.0,0.0,0.0,0.0,0.0,0.0,0.0,0.0,0.0,0.0,0.0,0.0,0.0,0.0,0.0,0.0,0.0,0.0,0.0,0.0,0.0,0.0,0.0,0.0,0.0,0.0,0.0,0.0,0.0,0.0,0.0,0.0,0.0,0.0,0.0,0.0,0.0,0.0,0.0,0.0,0.0,0.0,0.0,0.0,0.0,0.0,0.0,0.0,0.0,0.0,0.0,0.0,0.0,0.0,0.0,0.0,0.0,0.0,0.0,0.0,0.0,0.0,0.0,0.0,0.0,0.0,0.0,0.0,0.0,0.0,0.0,0.0,0.0,0.0,0.0,0.0,0.0,0.0,0.0,0.0,0.0,0.0,0.0,0.0,0.0,0.0,0.0,0.0,0.0,0.0,0.0,0.0,0.0,0.0,0.0,0.0,0.0,0.0,0.0,0.0,0.0,0.0,0.0,0.0,0.0,0.0,0.0,0.0,0.0,0.0,0.0,0.0,0.0,0.0,0.0,0.0,0.0,0.0,0.0,0.0,0.0,0.0,0.0,0.0,0.0,0.0,0.0,0.0,0.0,0.0,0.0,0.0,0.0,0.0,0.0,0.0,0.0,0.0,0.0,0.0,0.0,0.0,0.0,0.0,0.0,0.0,0.0,0.0,0.0,0.0,0.0,0.0,0.0,0.0,0.0,0.0,0.0,0.0,0.0,0.0,0.0,0.0,0.0,0.0,0.0,0.0,0.0,0.0,0.0,0.0
2,0.0,0.0,1.92971219406442e-12,5.661700239553024e-07,5.605197755314269e-07,0.0,1.3064915432013928e-12,3.833195181058379e-07,3.7949407625731446e-07,0.0,0.0,0.0,0.0,0.0,0.0,0.0,0.0,2.6974431720553565e-11,3.692109849367303e-07,3.6568709516769943e-07,0.0,1.742350754513106e-11,2.3848325882946063e-07,2.3620708409425262e-07,0.0,0.0,0.0,0.0,0.0,0.0,0.0,0.0,1.9234010386628433e-12,-3.048206978683995e-08,-3.018815723970679e-08,0.0,1.8443193515649853e-12,-2.9228782793372483e-08,-2.8946954621582363e-08,0.0,0.0,0.0,0.0,0.0,0.0,0.0,0.0,4.901943470629915e-11,-2.2619972089077743e-07,-2.240330630023086e-07,0.0,4.139259277164983e-11,-1.9100573044122903e-07,-1.891761787911495e-07,0.0,0.0,0.0,0.0,0.0,0.0,0.0,0.0,6.9033899918580795e-12,-2.843604732460895e-08,-2.815432905615895e-08,0.0,1.0301949021900673e-11,-4.243519636989658e-08,-4.20147873761221e-08,0.0,0.0,0.0,0.0,0.0,0.0,0.0,0.0,-1.0033352626861841e-10,3.6767058369251006e-07,3.6402394590145314e-07,0.0,-6.543272895457083e-11,2.397771766030859e-07,2.373990137790373e-07,0.0,0.0,0.0,0.0,0.0,0.0,0.0,0.0,0.0,0.0,0.0,0.0,0.0,0.0,0.0,0.0,0.0,0.0,7.808366383528569e-16,1.1727765024437594e-11,-1.1851955264609534e-11,0.0,6.232526711724977e-16,9.360934822147674e-12,-9.460061701067508e-12,0.0,0.0,0.0,0.0,0.0,0.0,0.0,0.0,1.5577401876679341e-12,-4.899151004021724e-09,4.952170211389716e-09,0.0,-1.9850453361035746e-12,6.243041637103509e-09,-6.310604592173329e-09,0.0,0.0,0.0,0.0,0.0,0.0,0.0,0.0,-2.1439319792173085e-12,4.896346397796104e-09,-4.948395869231572e-09,0.0,2.731219677249447e-12,-6.237603505113178e-09,6.303910898236187e-09,0.0,0.0,0.0,0.0,0.0,0.0,0.0,0.0,3.6360606574929563e-12,-1.0631725491692416e-08,1.0745652705698787e-08,0.0,4.4424838935013804e-12,-1.2989681335387113e-08,1.3128875881608926e-08,0.0,0.0,0.0,0.0,0.0,0.0,0.0,0.0,0.0,0.0,-5.318617373285061e-12,1.0616233422236195e-08,-1.0731481312214584e-08,0.0,-6.503020932306758e-12,1.298036375277267e-08,-1.3121276209588639e-08,0.0,0.0,0.0,0.0,0.0,0.0,0.0,0.0,0.0,0.0,-7.223391458637995e-16,1.6411934926035975e-12,-1.659042113111081e-12,0.0,-1.5233983789430145e-15,3.461243268426397e-12,-3.4988856413542135e-12,0.0,0.0,0.0,0.0,0.0,0.0,0.0,0.0,0.0,0.0,0.0,0.0
3,0.0,0.0,5.661700239553024e-07,0.16611207464590794,0.16445431381745965,0.0,3.833195181058379e-07,0.11246445009574949,0.11134208039228796,0.0,0.0,0.0,0.0,0.0,0.0,0.0,0.0,7.914192956017901e-06,0.10832506154501247,0.10729116604438559,0.0,5.111989090681431e-06,0.06997005707883654,0.06930223629793296,0.0,0.0,0.0,0.0,0.0,0.0,0.0,0.0,5.64318355599842e-07,-0.008943320270507791,-0.008857087476641936,0.0,5.411160973478912e-07,-0.008575610759578163,-0.008492923474259423,0.0,0.0,0.0,0.0,0.0,0.0,0.0,0.0,1.4382110766210081e-05,-0.06636611500374802,-0.0657304260381134,0.0,1.2144425118513149e-05,-0.05604033560659592,-0.055503552295209355,0.0,0.0,0.0,0.0,0.0,0.0,0.0,0.0,2.0254276721083954e-06,-0.008343025267958944,-0.008260370227851109,0.0,3.0225516232194625e-06,-0.012450320943813376,-0.012326974586357344,0.0,0.0,0.0,0.0,0.0,0.0,0.0,0.0,-2.9437464895413977e-05,0.10787311383383387,0.10680320454276472,0.0,-1.9197707219563473e-05,0.07034968750203792,0.06965194381403994,0.0,0.0,0.0,0.0,0.0,0.0,0.0,0.0,0.0,0.0,0.0,0.0,0.0,0.0,0.0,0.0,0.0,0.0,2.2909442123064119e-10,3.440880471838187e-06,-3.477317403455943e-06,0.0,1.8285990048304276e-10,2.746461730821631e-06,-2.7755451700930966e-06,0.0,0.0,0.0,0.0,0.0,0.0,0.0,0.0,4.5703488949329193e-07,-0.0014373917778202202,0.0014529474062698819,0.0,-5.824045518036475e-07,0.0018316840428873066,-0.0018515067501324667,0.0,0.0,0.0,0.0,0.0,0.0,0.0,0.0,-6.290212725843887e-07,0.001436568917303079,-0.0014518400290160658,0.0,8.01329190358993e-07,-0.0018300885161923316,0.0018495428464641384,0.0,0.0,0.0,0.0,0.0,0.0,0.0,0.0,1.0668060013756605e-06,-0.0031193067519771018,0.003152732551783698,0.0,1.3034074304661605e-06,-0.00381112179082927,0.003851960927261769,0.0,0.0,0.0,0.0,0.0,0.0,0.0,0.0,0.0,0.0,-1.5604615729247839e-06,0.0031147614392811876,-0.0031485747202619338,0.0,-1.907960953115604e-06,0.0038083880484669416,-0.003849731213160872,0.0,0.0,0.0,0.0,0.0,0.0,0.0,0.0,0.0,0.0,-2.1193148531916393e-10,4.81519763353977e-07,-4.867564789255707e-07,0.0,-4.4695913689049094e-10,1.015515261933858e-06,-1.0265593871870704e-06,0.0,0.0,0.0,0.0,0.0,0.0,0.0,0.0,0.0,0.0,0.0,0.0
4,0.0,0.0,5.605197755314269e-07,0.16445431381745965,0.16281309706607622,0.0,3.794940762573144e-07,0.11134208039228796,0.11023091168389798,0.0,0.0,0.0,0.0,0.0,0.0,0.0,0.0,7.835211105365357e-06,0.10724400200041666,0.10622042454238427,0.0,5.060972599026317e-06,0.06927177177936722,0.0686106156983861,0.0,0.0,0.0,0.0,0.0,0.0,0.0,0.0,5.586865864061695e-07,-0.008854067962676947,-0.008768695752535097,0.0,5.357158814289805e-07,-0.008490028109264802,-0.008408166024298919,0.0,0.0,0.0,0.0,0.0,0.0,0.0,0.0,1.4238580562825104e-05,-0.06570379622876413,-0.06507445129482348,0.0,1.2023226510354108e-05,-0.055481065767965944,-0.05494963943227713,0.0,0.0,0.0,0.0,0.0,0.0,0.0,0.0,2.005214363335787e-06,-0.008259763768098335,-0.00817793360654347,0.0,2.9923872435762813e-06,-0.012326069564699248,-0.012203954175913977,0.0,0.0,0.0,0.0,0.0,0.0,0.0,0.0,-2.914368567258226e-05,0.10679656462488762,0.10573733278587308,0.0,-1.9006118455817963e-05,0.06964761357705047,0.06895683321280084,0.0,0.0,0.0,0.0,0.0,0.0,0.0,0.0,0.0,0.0,0.0,0.0,0.0,0.0,0.0,0.0,0.0,0.0,2.268081108688416e-10,3.406541265172508e-06,-3.4426145644715633e-06,0.0,1.810350001513423e-10,2.719052665682564e-06,-2.7478458588317545e-06,0.0,0.0,0.0,0.0,0.0,0.0,0.0,0.0,4.524737849579876e-07,-0.0014230469338979215,0.0014384473207038903,0.0,-5.765922864740609e-07,0.0018134042515905871,-0.001833029132713505,0.0,0.0,0.0,0.0,0.0,0.0,0.0,0.0,-6.227437829547308e-07,0.0014222322853421204,-0.0014373509948239147,0.0,7.933321067917627e-07,-0.0018118246478901427,0.0018310848283583456,0.0,0.0,0.0,0.0,0.0,0.0,0.0,0.0,1.056159519448301e-06,-0.003088176778094324,0.003121268996000271,0.0,1.2903997199409563e-06,-0.0037730876597719693,0.0038135192308857554,0.0,0.0,0.0,0.0,0.0,0.0,0.0,0.0,0.0,0.0,-1.5448885203612808e-06,0.003083676826588181,-0.003117152658694055,0.0,-1.8889199355554641e-06,0.0037703811995383647,-0.003811311768825854,0.0,0.0,0.0,0.0,0.0,0.0,0.0,0.0,0.0,0.0,-2.098164571653281e-10,4.7671430533982595e-07,-4.818987596709456e-07,0.0,-4.4249858608055046e-10,1.0053806499578377e-06,-1.0163145573414967e-06,0.0,0.0,0.0,0.0,0.0,0.0,0.0,0.0,0.0,0.0,0.0,0.0
5,0.0,0.0,0.0,0.0,0.0,0.0,0.0,0.0,0.0,0.0,0.0,0.0,0.0,0.0,0.0,0.0,0.0,0.0,0.0,0.0,0.0,0.0,0.0,0.0,0.0,0.0,0.0,0.0,0.0,0.0,0.0,0.0,0.0,0.0,0.0,0.0,0.0,0.0,0.0,0.0,0.0,0.0,0.0,0.0,0.0,0.0,0.0,0.0,0.0,0.0,0.0,0.0,0.0,0.0,0.0,0.0,0.0,0.0,0.0,0.0,0.0,0.0,0.0,0.0,0.0,0.0,0.0,0.0,0.0,0.0,0.0,0.0,0.0,0.0,0.0,0.0,0.0,0.0,0.0,0.0,0.0,0.0,0.0,0.0,0.0,0.0,0.0,0.0,0.0,0.0,0.0,0.0,0.0,0.0,0.0,0.0,0.0,0.0,0.0,0.0,0.0,0.0,0.0,0.0,0.0,0.0,0.0,0.0,0.0,0.0,0.0,0.0,0.0,0.0,0.0,0.0,0.0,0.0,0.0,0.0,0.0,0.0,0.0,0.0,0.0,0.0,0.0,0.0,0.0,0.0,0.0,0.0,0.0,0.0,0.0,0.0,0.0,0.0,0.0,0.0,0.0,0.0,0.0,0.0,0.0,0.0,0.0,0.0,0.0,0.0,0.0,0.0,0.0,0.0,0.0,0.0,0.0,0.0,0.0,0.0,0.0,0.0,0.0,0.0,0.0,0.0,0.0,0.0,0.0,0.0,0.0,0.0,0.0,0.0,0.0,0.0,0.0,0.0,0.0,0.0,0.0,0.0,0.0,0.0,0.0,0.0,0.0,0.0,0.0,0.0,0.0,0.0,0.0,0.0,0.0,0.0,0.0,0.0,0.0,0.0
6,0.0,0.0,1.3064915432013928e-12,3.833195181058379e-07,3.794940762573144e-07,0.0,8.929099832610487e-13,2.6197630308178495e-07,2.5936183899688076e-07,0.0,0.0,0.0,0.0,0.0,0.0,0.0,0.0,1.7504409357009223e-11,2.395905977330617e-07,2.37303854135083e-07,0.0,1.1377267477062916e-11,1.5572569515502744e-07,1.5423939001698817e-07,0.0,0.0,0.0,0.0,0.0,0.0,0.0,0.0,3.004045587545073e-12,-4.760813028678465e-08,-4.714908577521809e-08,0.0,2.2805279181891445e-12,-3.6141818453735276e-08,-3.5793333787370896e-08,0.0,0.0,0.0,0.0,0.0,0.0,0.0,0.0,4.042203762869646e-11,-1.8652711285290863e-07,-1.8474045971786248e-07,0.0,3.2784717489375804e-11,-1.5128477082635214e-07,-1.4983568706610123e-07,0.0,0.0,0.0,0.0,0.0,0.0,0.0,0.0,1.0301586653803466e-11,-4.243370372405545e-08,-4.20133095180466e-08,0.0,1.0456736592022801e-11,-4.3072788433280695e-08,-4.2646062762296364e-08,0.0,0.0,0.0,0.0,0.0,0.0,0.0,0.0,-6.622517700815842e-11,2.4268108967426113e-07,2.4027412520108165e-07,0.0,-4.370142187277837e-11,1.6014315339759563e-07,1.5855481834698118e-07,0.0,0.0,0.0,0.0,0.0,0.0,0.0,0.0,0.0,0.0,0.0,0.0,0.0,0.0,0.0,0.0,0.0,0.0,1.0326560520111753e-15,1.550996320385736e-11,-1.5674204732495813e-11,0.0,7.033983557569253e-16,1.0564681816549604e-11,-1.0676555679065927e-11,0.0,0.0,0.0,0.0,0.0,0.0,0.0,0.0,2.8271104952654386e-12,-8.891367977156155e-09,8.98759144162569e-09,0.0,-1.8454048242462153e-13,5.803867017815817e-10,-5.866677171799942e-10,0.0,0.0,0.0,0.0,0.0,0.0,0.0,0.0,-3.894482614754151e-12,8.894282144619326e-09,-8.988830742045699e-09,0.0,2.5111226905463433e-13,-5.734942460613456e-10,5.795906432427635e-10,0.0,0.0,0.0,0.0,0.0,0.0,0.0,0.0,4.44236776998856e-12,-1.2989341793936149e-08,1.3128532701707036e-08,0.0,4.4963851724735655e-12,-1.3147286957422725e-08,1.3288170370559356e-08,0.0,0.0,0.0,0.0,0.0,0.0,0.0,0.0,0.0,0.0,-6.499432344920294e-12,1.2973200748052294e-08,-1.3114035444597974e-08,0.0,-6.5815803833129165e-12,1.3137172451513287e-08,-1.3279787194906924e-08,0.0,0.0,0.0,0.0,0.0,0.0,0.0,0.0,0.0,0.0,1.9785794964980145e-15,-4.495439313823582e-12,4.544328972779531e-12,0.0,8.352275283032852e-16,-1.897681985162093e-12,1.9183200182086148e-12,0.0,0.0,0.0,0.0,0.0,0.0,0.0,0.0,0.0,0.0,0.0,0.0
7,0.0,0.0,3.833195181058379e-07,0.11246445009574949,0.11134208039228796,0.0,2.6197630308178495e-07,0.07686282454334967,0.07609575098795958,0.0,0.0,0.0,0.0,0.0,0.0,0.0,0.0,5.135725366437978e-06,0.07029494598999483,0.06962402434601624,0.0,3.3380458598167304e-06,0.04568931099029719,0.045253234865475604,0.0,0.0,0.0,0.0,0.0,0.0,0.0,0.0,8.813752473009648e-07,-0.013968039559393594,-0.013833357691854176,0.0,6.690979877949517e-07,-0.010603868433168224,-0.010501624392574785,0.0,0.0,0.0,0.0,0.0,0.0,0.0,0.0,1.1859668028711856e-05,-0.05472632669113931,-0.054202129636583544,0.0,9.61890811667228e-06,-0.044386361130062314,-0.04396120561216798,0.0,0.0,0.0,0.0,0.0,0.0,0.0,0.0,3.0224453058344642e-06,-0.012449883007351021,-0.012326540988567686,0.0,3.06796569198764e-06,-0.012637387965989146,-0.01251218832010066,0.0,0.0,0.0,0.0,0.0,0.0,0.0,0.0,-1.9430208384692174e-05,0.07120168425996302,0.07049549028055443,0.0,-1.2821826562891961e-05,0.046985375992482134,0.046519364689645626,0.0,0.0,0.0,0.0,0.0,0.0,0.0,0.0,0.0,0.0,0.0,0.0,0.0,0.0,0.0,0.0,0.0,0.0,3.0297725407104846e-10,4.550562651608331e-06,-4.598750474898994e-06,0.0,2.0637433144383553e-10,3.099636399432615e-06,-3.132459753930547e-06,0.0,0.0,0.0,0.0,0.0,0.0,0.0,0.0,8.294631819978465e-07,-0.0026086926517363655,0.002636924240546008,0.0,-5.4143457079476705e-08,0.00017028319241685352,-0.0001721260178130556,0.0,0.0,0.0,0.0,0.0,0.0,0.0,0.0,-1.1426259947317593e-06,0.0026095476570928674,-0.002637287846450889,0.0,7.36753593740234e-08,-0.00016826097281735092,0.00017004963194945048,0.0,0.0,0.0,0.0,0.0,0.0,0.0,0.0,1.3033733602808562e-06,-0.0038110221706931504,0.0038518602396183524,0.0,1.3192218552807903e-06,-0.003857362665026911,0.0038986973084187116,0.0,0.0,0.0,0.0,0.0,0.0,0.0,0.0,0.0,0.0,-1.9069080755866051e-06,0.0038062864508470384,-0.0038476068009812552,0.0,-1.93100998933711e-06,0.0038543951084811017,-0.0038962377174110298,0.0,0.0,0.0,0.0,0.0,0.0,0.0,0.0,0.0,0.0,5.805074997072547e-10,-1.3189443440440873e-06,1.3332883791114525e-06,0.0,2.4505249599535237e-10,-5.567724857113293e-07,5.628276040312713e-07,0.0,0.0,0.0,0.0,0.0,0.0,0.0,0.0,0.0,0.0,0.0,0.0
8,0.0,0.0,3.7949407625731446e-07,0.11134208039228796,0.11023091168389798,0.0,2.5936183899688076e-07,0.07609575098795958,0.07533633265266938,0.0,0.0,0.0,0.0,0.0,0.0,0.0,0.0,5.084471992134532e-06,0.06959341837288148,0.06892919237473542,0.0,3.3047329192507653e-06,0.04523334202958219,0.04480161784557822,0.0,0.0,0.0,0.0,0.0,0.0,0.0,0.0,8.725793222410072e-07,-0.01382864169273556,-0.013695303919686475,0.0,6.624205416374433e-07,-0.010498044231309345,-0.010396820563050663,0.0,0.0,0.0,0.0,0.0,0.0,0.0,0.0,1.1741311231722186e-05,-0.05418017036345017,-0.05366120467660372,0.0,9.522913595369401e-06,-0.04394339531342541,-0.043522482751168476,0.0,0.0,0.0,0.0,0.0,0.0,0.0,0.0,2.9922819872146696e-06,-0.012325635998743457,-0.012203524905331898,0.0,3.0373480902386882e-06,-0.012511269700423095,-0.012387319518603562,0.0,0.0,0.0,0.0,0.0,0.0,0.0,0.0,-1.923629931205315e-05,0.07049110760057616,0.0697919612769075,0.0,-1.2693867641962046e-05,0.04651647259701081,0.04605511198127879,0.0,0.0,0.0,0.0,0.0,0.0,0.0,0.0,0.0,0.0,0.0,0.0,0.0,0.0,0.0,0.0,0.0,0.0,2.9995360979464676e-10,4.505149068474712e-06,-4.552855988215754e-06,0.0,2.0431476242451414e-10,3.0687027312067267e-06,-3.1011985160700473e-06,0.0,0.0,0.0,0.0,0.0,0.0,0.0,0.0,8.211853275752382e-07,-0.0025826584907596394,0.0026106083347162785,0.0,-5.360311765831039e-08,0.0001685838047791174,-0.00017040823919584405,0.0,0.0,0.0,0.0,0.0,0.0,0.0,0.0,-1.1312228464677264e-06,0.00258350496335661,-0.0026109683119166956,0.0,7.294009599806384e-08,-0.00016658176647255368,0.0001683525751922134,0.0,0.0,0.0,0.0,0.0,0.0,0.0,0.0,1.2903659897683742e-06,-0.0037729890338222176,0.0038134195480821814,0.0,1.3060563203828644e-06,-0.0038188670605331866,0.003859789193559209,0.0,0.0,0.0,0.0,0.0,0.0,0.0,0.0,0.0,0.0,-1.8878775655053966e-06,0.003768300575386037,-0.0038092085577979377,0.0,-1.9117389476233178e-06,0.003815929119528618,-0.0038573541487119103,0.0,0.0,0.0,0.0,0.0,0.0,0.0,0.0,0.0,0.0,5.74714166525842e-10,-1.30578157864214e-06,1.3199824634956003e-06,0.0,2.4260692766644494e-10,-5.51216022586648e-07,5.572107122028824e-07,0.0,0.0,0.0,0.0,0.0,0.0,0.0,0.0,0.0,0.0,0.0,0.0
9,0.0,0.0,0.0,0.0,0.0,0.0,0.0,0.0,0.0,0.0,0.0,0.0,0.0,0.0,0.0,0.0,0.0,0.0,0.0,0.0,0.0,0.0,0.0,0.0,0.0,0.0,0.0,0.0,0.0,0.0,0.0,0.0,0.0,0.0,0.0,0.0,0.0,0.0,0.0,0.0,0.0,0.0,0.0,0.0,0.0,0.0,0.0,0.0,0.0,0.0,0.0,0.0,0.0,0.0,0.0,0.0,0.0,0.0,0.0,0.0,0.0,0.0,0.0,0.0,0.0,0.0,0.0,0.0,0.0,0.0,0.0,0.0,0.0,0.0,0.0,0.0,0.0,0.0,0.0,0.0,0.0,0.0,0.0,0.0,0.0,0.0,0.0,0.0,0.0,0.0,0.0,0.0,0.0,0.0,0.0,0.0,0.0,0.0,0.0,0.0,0.0,0.0,0.0,0.0,0.0,0.0,0.0,0.0,0.0,0.0,0.0,0.0,0.0,0.0,0.0,0.0,0.0,0.0,0.0,0.0,0.0,0.0,0.0,0.0,0.0,0.0,0.0,0.0,0.0,0.0,0.0,0.0,0.0,0.0,0.0,0.0,0.0,0.0,0.0,0.0,0.0,0.0,0.0,0.0,0.0,0.0,0.0,0.0,0.0,0.0,0.0,0.0,0.0,0.0,0.0,0.0,0.0,0.0,0.0,0.0,0.0,0.0,0.0,0.0,0.0,0.0,0.0,0.0,0.0,0.0,0.0,0.0,0.0,0.0,0.0,0.0,0.0,0.0,0.0,0.0,0.0,0.0,0.0,0.0,0.0,0.0,0.0,0.0,0.0,0.0,0.0,0.0,0.0,0.0,0.0,0.0,0.0,0.0,0.0,0.0
10,0.0,0.0,0.0,0.0,0.0,0.0,0.0,0.0,0.0,0.0,0.0,0.0,0.0,0.0,0.0,0.0,0.0,0.0,0.0,0.0,0.0,0.0,0.0,0.0,0.0,0.0,0.0,0.0,0.0,0.0,0.0,0.0,0.0,0.0,0.0,0.0,0.0,0.0,0.0,0.0,0.0,0.0,0.0,0.0,0.0,0.0,0.0,0.0,0.0,0.0,0.0,0.0,0.0,0.0,0.0,0.0,0.0,0.0,0.0,0.0,0.0,0.0,0.0,0.0,0.0,0.0,0.0,0.0,0.0,0.0,0.0,0.0,0.0,0.0,0.0,0.0,0.0,0.0,0.0,0.0,0.0,0.0,0.0,0.0,0.0,0.0,0.0,0.0,0.0,0.0,0.0,0.0,0.0,0.0,0.0,0.0,0.0,0.0,0.0,0.0,0.0,0.0,0.0,0.0,0.0,0.0,0.0,0.0,0.0,0.0,0.0,0.0,0.0,0.0,0.0,0.0,0.0,0.0,0.0,0.0,0.0,0.0,0.0,0.0,0.0,0.0,0.0,0.0,0.0,0.0,0.0,0.0,0.0,0.0,0.0,0.0,0.0,0.0,0.0,0.0,0.0,0.0,0.0,0.0,0.0,0.0,0.0,0.0,0.0,0.0,0.0,0.0,0.0,0.0,0.0,0.0,0.0,0.0,0.0,0.0,0.0,0.0,0.0,0.0,0.0,0.0,0.0,0.0,0.0,0.0,0.0,0.0,0.0,0.0,0.0,0.0,0.0,0.0,0.0,0.0,0.0,0.0,0.0,0.0,0.0,0.0,0.0,0.0,0.0,0.0,0.0,0.0,0.0,0.0,0.0,0.0,0.0,0.0,0.0,0.0
11,0.0,0.0,0.0,0.0,0.0,0.0,0.0,0.0,0.0,0.0,0.0,0.0,0.0,0.0,0.0,0.0,0.0,0.0,0.0,0.0,0.0,0.0,0.0,0.0,0.0,0.0,0.0,0.0,0.0,0.0,0.0,0.0,0.0,0.0,0.0,0.0,0.0,0.0,0.0,0.0,0.0,0.0,0.0,0.0,0.0,0.0,0.0,0.0,0.0,0.0,0.0,0.0,0.0,0.0,0.0,0.0,0.0,0.0,0.0,0.0,0.0,0.0,0.0,0.0,0.0,0.0,0.0,0.0,0.0,0.0,0.0,0.0,0.0,0.0,0.0,0.0,0.0,0.0,0.0,0.0,0.0,0.0,0.0,0.0,0.0,0.0,0.0,0.0,0.0,0.0,0.0,0.0,0.0,0.0,0.0,0.0,0.0,0.0,0.0,0.0,0.0,0.0,0.0,0.0,0.0,0.0,0.0,0.0,0.0,0.0,0.0,0.0,0.0,0.0,0.0,0.0,0.0,0.0,0.0,0.0,0.0,0.0,0.0,0.0,0.0,0.0,0.0,0.0,0.0,0.0,0.0,0.0,0.0,0.0,0.0,0.0,0.0,0.0,0.0,0.0,0.0,0.0,0.0,0.0,0.0,0.0,0.0,0.0,0.0,0.0,0.0,0.0,0.0,0.0,0.0,0.0,0.0,0.0,0.0,0.0,0.0,0.0,0.0,0.0,0.0,0.0,0.0,0.0,0.0,0.0,0.0,0.0,0.0,0.0,0.0,0.0,0.0,0.0,0.0,0.0,0.0,0.0,0.0,0.0,0.0,0.0,0.0,0.0,0.0,0.0,0.0,0.0,0.0,0.0,0.0,0.0,0.0,0.0,0.0,0.0
12,0.0,0.0,0.0,0.0,0.0,0.0,0.0,0.0,0.0,0.0,0.0,0.0,0.0,0.0,0.0,0.0,0.0,0.0,0.0,0.0,0.0,0.0,0.0,0.0,0.0,0.0,0.0,0.0,0.0,0.0,0.0,0.0,0.0,0.0,0.0,0.0,0.0,0.0,0.0,0.0,0.0,0.0,0.0,0.0,0.0,0.0,0.0,0.0,0.0,0.0,0.0,0.0,0.0,0.0,0.0,0.0,0.0,0.0,0.0,0.0,0.0,0.0,0.0,0.0,0.0,0.0,0.0,0.0,0.0,0.0,0.0,0.0,0.0,0.0,0.0,0.0,0.0,0.0,0.0,0.0,0.0,0.0,0.0,0.0,0.0,0.0,0.0,0.0,0.0,0.0,0.0,0.0,0.0,0.0,0.0,0.0,0.0,0.0,0.0,0.0,0.0,0.0,0.0,0.0,0.0,0.0,0.0,0.0,0.0,0.0,0.0,0.0,0.0,0.0,0.0,0.0,0.0,0.0,0.0,0.0,0.0,0.0,0.0,0.0,0.0,0.0,0.0,0.0,0.0,0.0,0.0,0.0,0.0,0.0,0.0,0.0,0.0,0.0,0.0,0.0,0.0,0.0,0.0,0.0,0.0,0.0,0.0,0.0,0.0,0.0,0.0,0.0,0.0,0.0,0.0,0.0,0.0,0.0,0.0,0.0,0.0,0.0,0.0,0.0,0.0,0.0,0.0,0.0,0.0,0.0,0.0,0.0,0.0,0.0,0.0,0.0,0.0,0.0,0.0,0.0,0.0,0.0,0.0,0.0,0.0,0.0,0.0,0.0,0.0,0.0,0.0,0.0,0.0,0.0,0.0,0.0,0.0,0.0,0.0,0.0
13,0.0,0.0,0.0,0.0,0.0,0.0,0.0,0.0,0.0,0.0,0.0,0.0,0.0,0.0,0.0,0.0,0.0,0.0,0.0,0.0,0.0,0.0,0.0,0.0,0.0,0.0,0.0,0.0,0.0,0.0,0.0,0.0,0.0,0.0,0.0,0.0,0.0,0.0,0.0,0.0,0.0,0.0,0.0,0.0,0.0,0.0,0.0,0.0,0.0,0.0,0.0,0.0,0.0,0.0,0.0,0.0,0.0,0.0,0.0,0.0,0.0,0.0,0.0,0.0,0.0,0.0,0.0,0.0,0.0,0.0,0.0,0.0,0.0,0.0,0.0,0.0,0.0,0.0,0.0,0.0,0.0,0.0,0.0,0.0,0.0,0.0,0.0,0.0,0.0,0.0,0.0,0.0,0.0,0.0,0.0,0.0,0.0,0.0,0.0,0.0,0.0,0.0,0.0,0.0,0.0,0.0,0.0,0.0,0.0,0.0,0.0,0.0,0.0,0.0,0.0,0.0,0.0,0.0,0.0,0.0,0.0,0.0,0.0,0.0,0.0,0.0,0.0,0.0,0.0,0.0,0.0,0.0,0.0,0.0,0.0,0.0,0.0,0.0,0.0,0.0,0.0,0.0,0.0,0.0,0.0,0.0,0.0,0.0,0.0,0.0,0.0,0.0,0.0,0.0,0.0,0.0,0.0,0.0,0.0,0.0,0.0,0.0,0.0,0.0,0.0,0.0,0.0,0.0,0.0,0.0,0.0,0.0,0.0,0.0,0.0,0.0,0.0,0.0,0.0,0.0,0.0,0.0,0.0,0.0,0.0,0.0,0.0,0.0,0.0,0.0,0.0,0.0,0.0,0.0,0.0,0.0,0.0,0.0,0.0,0.0
14,0.0,0.0,0.0,0.0,0.0,0.0,0.0,0.0,0.0,0.0,0.0,0.0,0.0,0.0,0.0,0.0,0.0,0.0,0.0,0.0,0.0,0.0,0.0,0.0,0.0,0.0,0.0,0.0,0.0,0.0,0.0,0.0,0.0,0.0,0.0,0.0,0.0,0.0,0.0,0.0,0.0,0.0,0.0,0.0,0.0,0.0,0.0,0.0,0.0,0.0,0.0,0.0,0.0,0.0,0.0,0.0,0.0,0.0,0.0,0.0,0.0,0.0,0.0,0.0,0.0,0.0,0.0,0.0,0.0,0.0,0.0,0.0,0.0,0.0,0.0,0.0,0.0,0.0,0.0,0.0,0.0,0.0,0.0,0.0,0.0,0.0,0.0,0.0,0.0,0.0,0.0,0.0,0.0,0.0,0.0,0.0,0.0,0.0,0.0,0.0,0.0,0.0,0.0,0.0,0.0,0.0,0.0,0.0,0.0,0.0,0.0,0.0,0.0,0.0,0.0,0.0,0.0,0.0,0.0,0.0,0.0,0.0,0.0,0.0,0.0,0.0,0.0,0.0,0.0,0.0,0.0,0.0,0.0,0.0,0.0,0.0,0.0,0.0,0.0,0.0,0.0,0.0,0.0,0.0,0.0,0.0,0.0,0.0,0.0,0.0,0.0,0.0,0.0,0.0,0.0,0.0,0.0,0.0,0.0,0.0,0.0,0.0,0.0,0.0,0.0,0.0,0.0,0.0,0.0,0.0,0.0,0.0,0.0,0.0,0.0,0.0,0.0,0.0,0.0,0.0,0.0,0.0,0.0,0.0,0.0,0.0,0.0,0.0,0.0,0.0,0.0,0.0,0.0,0.0,0.0,0.0,0.0,0.0,0.0,0.0
15,0.0,0.0,0.0,0.0,0.0,0.0,0.0,0.0,0.0,0.0,0.0,0.0,0.0,0.0,0.0,0.0,0.0,0.0,0.0,0.0,0.0,0.0,0.0,0.0,0.0,0.0,0.0,0.0,0.0,0.0,0.0,0.0,0.0,0.0,0.0,0.0,0.0,0.0,0.0,0.0,0.0,0.0,0.0,0.0,0.0,0.0,0.0,0.0,0.0,0.0,0.0,0.0,0.0,0.0,0.0,0.0,0.0,0.0,0.0,0.0,0.0,0.0,0.0,0.0,0.0,0.0,0.0,0.0,0.0,0.0,0.0,0.0,0.0,0.0,0.0,0.0,0.0,0.0,0.0,0.0,0.0,0.0,0.0,0.0,0.0,0.0,0.0,0.0,0.0,0.0,0.0,0.0,0.0,0.0,0.0,0.0,0.0,0.0,0.0,0.0,0.0,0.0,0.0,0.0,0.0,0.0,0.0,0.0,0.0,0.0,0.0,0.0,0.0,0.0,0.0,0.0,0.0,0.0,0.0,0.0,0.0,0.0,0.0,0.0,0.0,0.0,0.0,0.0,0.0,0.0,0.0,0.0,0.0,0.0,0.0,0.0,0.0,0.0,0.0,0.0,0.0,0.0,0.0,0.0,0.0,0.0,0.0,0.0,0.0,0.0,0.0,0.0,0.0,0.0,0.0,0.0,0.0,0.0,0.0,0.0,0.0,0.0,0.0,0.0,0.0,0.0,0.0,0.0,0.0,0.0,0.0,0.0,0.0,0.0,0.0,0.0,0.0,0.0,0.0,0.0,0.0,0.0,0.0,0.0,0.0,0.0,0.0,0.0,0.0,0.0,0.0,0.0,0.0,0.0,0.0,0.0,0.0,0.0,0.0,0.0
16,0.0,0.0,0.0,0.0,0.0,0.0,0.0,0.0,0.0,0.0,0.0,0.0,0.0,0.0,0.0,0.0,0.0,0.0,0.0,0.0,0.0,0.0,0.0,0.0,0.0,0.0,0.0,0.0,0.0,0.0,0.0,0.0,0.0,0.0,0.0,0.0,0.0,0.0,0.0,0.0,0.0,0.0,0.0,0.0,0.0,0.0,0.0,0.0,0.0,0.0,0.0,0.0,0.0,0.0,0.0,0.0,0.0,0.0,0.0,0.0,0.0,0.0,0.0,0.0,0.0,0.0,0.0,0.0,0.0,0.0,0.0,0.0,0.0,0.0,0.0,0.0,0.0,0.0,0.0,0.0,0.0,0.0,0.0,0.0,0.0,0.0,0.0,0.0,0.0,0.0,0.0,0.0,0.0,0.0,0.0,0.0,0.0,0.0,0.0,0.0,0.0,0.0,0.0,0.0,0.0,0.0,0.0,0.0,0.0,0.0,0.0,0.0,0.0,0.0,0.0,0.0,0.0,0.0,0.0,0.0,0.0,0.0,0.0,0.0,0.0,0.0,0.0,0.0,0.0,0.0,0.0,0.0,0.0,0.0,0.0,0.0,0.0,0.0,0.0,0.0,0.0,0.0,0.0,0.0,0.0,0.0,0.0,0.0,0.0,0.0,0.0,0.0,0.0,0.0,0.0,0.0,0.0,0.0,0.0,0.0,0.0,0.0,0.0,0.0,0.0,0.0,0.0,0.0,0.0,0.0,0.0,0.0,0.0,0.0,0.0,0.0,0.0,0.0,0.0,0.0,0.0,0.0,0.0,0.0,0.0,0.0,0.0,0.0,0.0,0.0,0.0,0.0,0.0,0.0,0.0,0.0,0.0,0.0,0.0,0.0
17,0.0,0.0,2.6974431720553565e-11,7.914192956017901e-06,7.835211105365357e-06,0.0,1.7504409357009223e-11,5.135725366437978e-06,5.084471992134532e-06,0.0,0.0,0.0,0.0,0.0,0.0,0.0,0.0,8.921312075976002e-10,1.221099466569763e-05,1.209444829809832e-05,0.0,6.168851740128354e-10,8.443580389372932e-06,8.362991653495532e-06,0.0,0.0,0.0,0.0,0.0,0.0,0.0,0.0,-5.015596261787362e-10,7.948719596236814e-06,7.87207688662705e-06,0.0,-3.089465913694944e-10,4.896187206531935e-06,4.848977457877201e-06,0.0,0.0,0.0,0.0,0.0,0.0,0.0,0.0,1.244613403760246e-10,-5.74325685790315e-07,-5.688244974034887e-07,0.0,1.7064366555112266e-10,-7.874335914053888e-07,-7.798911453062292e-07,0.0,0.0,0.0,0.0,0.0,0.0,0.0,0.0,1.1769965331828791e-09,-4.848216478854998e-06,-4.800184797943016e-06,0.0,9.705679379238412e-10,-3.997907672477017e-06,-3.958300071109073e-06,0.0,0.0,0.0,0.0,0.0,0.0,0.0,0.0,1.8284205060085101e-10,-6.700217361838775e-07,-6.633763131003677e-07,0.0,2.670339145557689e-10,-9.785414594874414e-07,-9.688360698681641e-07,0.0,0.0,0.0,0.0,0.0,0.0,0.0,0.0,0.0,0.0,0.0,0.0,0.0,0.0,0.0,0.0,0.0,0.0,7.005668095561711e-15,1.0522153447820753e-10,-1.0633576959424252e-10,0.0,1.22260407014745e-14,1.8362884819118281e-10,-1.8557337135542904e-10,0.0,0.0,0.0,0.0,0.0,0.0,0.0,0.0,-6.050627928282221e-12,1.9029450562088042e-08,-1.9235389587976822e-08,0.0,-7.112028087661628e-11,2.2367593660442485e-07,-2.2609658476496084e-07,0.0,0.0,0.0,0.0,0.0,0.0,0.0,0.0,7.565408086280255e-12,-1.7278000883515984e-08,1.7461670652847066e-08,0.0,9.72494749233898e-11,-2.2209991774204276e-07,2.2446089925461235e-07,0.0,0.0,0.0,0.0,0.0,0.0,0.0,0.0,3.5829395696561776e-11,-1.0476401123674331e-07,1.0588663916178259e-07,0.0,6.51629037550838e-11,-1.9053425402515267e-07,1.9257597686222338e-07,0.0,0.0,0.0,0.0,0.0,0.0,0.0,0.0,0.0,0.0,-5.23197313455177e-11,1.0443287071986442e-07,-1.05566574879914e-07,0.0,-9.529480364375652e-11,1.9021332207310465e-07,-1.9227824313717921e-07,0.0,0.0,0.0,0.0,0.0,0.0,0.0,0.0,0.0,0.0,2.0846448552822383e-13,-4.736425528708255e-10,4.787936006931915e-10,0.0,1.580745167011507e-13,-3.591538263433032e-10,3.6305976453147857e-10,0.0,0.0,0.0,0.0,0.0,0.0,0.0,0.0,0.0,0.0,0.0,0.0
18,0.0,0.0,3.692109849367303e-07,0.10832506154501247,0.10724400200041666,0.0,2.395905977330617e-07,0.07029494598999483,0.06959341837288148,0.0,0.0,0.0,0.0,0.0,0.0,0.0,0.0,1.221099466569763e-05,0.16713728816552287,0.1655420664526831,0.0,8.443580389372932e-06,0.11557102163444072,0.11446796794061893,0.0,0.0,0.0,0.0,0.0,0.0,0.0,0.0,-6.865068576953477e-06,0.10879764295002012,0.10774860026410207,0.0,-4.228688725459296e-06,0.06701628118381635,0.06637010046052988,0.0,0.0,0.0,0.0,0.0,0.0,0.0,0.0,1.7035574481357295e-06,-0.007861049838671218,-0.007785752638579497,0.0,2.335675371553335e-06,-0.0107779520572263,-0.010674715259433781,0.0,0.0,0.0,0.0,0.0,0.0,0.0,0.0,1.6110072448808935e-05,-0.06635968460386925,-0.06570225373001815,0.0,1.3284592907135344e-05,-0.054721131652854645,-0.054179004883937495,0.0,0.0,0.0,0.0,0.0,0.0,0.0,0.0,2.5026400663244905e-06,-0.009170884032265752,-0.009079925185480677,0.0,3.6550113687667638e-06,-0.013393730025589183,-0.013260888062590659,0.0,0.0,0.0,0.0,0.0,0.0,0.0,0.0,0.0,0.0,0.0,0.0,0.0,0.0,0.0,0.0,0.0,0.0,9.58896796973772e-11,1.440213709916205e-06,-1.4554647390745135e-06,0.0,1.6734322991590104e-10,2.513409313151943e-06,-2.540024862281165e-06,0.0,0.0,0.0,0.0,0.0,0.0,0.0,0.0,-8.281762225910404e-08,0.00026046451163899004,-0.0002632832902280313,0.0,-9.734547598059118e-07,0.0030615515357618984,-0.0030946840184327357,0.0,0.0,0.0,0.0,0.0,0.0,0.0,0.0,1.0355108867244313e-07,-0.00023649164475558065,0.0002390056141744869,0.0,1.3310966026278077e-06,-0.0030399798680994733,0.0030722956669531256,0.0,0.0,0.0,0.0,0.0,0.0,0.0,0.0,4.904127957860084e-07,-0.0014339513868300638,0.0014493172920774988,0.0,8.919135026084678e-07,-0.0026079266589037918,0.0026358726229727394,0.0,0.0,0.0,0.0,0.0,0.0,0.0,0.0,0.0,0.0,-7.161233178819735e-07,0.0014294189200238644,-0.0014449364306018467,0.0,-1.304342151751608e-06,0.002603533921242407,-0.002631797409711102,0.0,0.0,0.0,0.0,0.0,0.0,0.0,0.0,0.0,0.0,2.8533456728101946e-09,-6.4829552394313206e-06,6.553459910657589e-06,0.0,2.1636358685620547e-09,-4.915897370585259e-06,4.9693596752033165e-06,0.0,0.0,0.0,0.0,0.0,0.0,0.0,0.0,0.0,0.0,0.0,0.0
19,0.0,0.0,3.6568709516769943e-07,0.10729116604438559,0.10622042454238427,0.0,2.37303854135083e-07,0.06962402434601624,0.06892919237473542,0.0,0.0,0.0,0.0,0.0,0.0,0.0,0.0,1.209444829809832e-05,0.1655420664526831,0.16396207014131442,0.0,8.36299165349553e-06,0.11446796794061892,0.11337544220989937,0.0,0.0,0.0,0.0,0.0,0.0,0.0,0.0,-6.799545756915588e-06,0.10775923695310229,0.10672020672872794,0.0,-4.188328515324664e-06,0.06637665236111867,0.06573663903190397,0.0,0.0,0.0,0.0,0.0,0.0,0.0,0.0,1.6872980492896465e-06,-0.007786020995460912,-0.00771144246042486,0.0,2.3133827993347564e-06,-0.01067508319217323,-0.010572831725560908,0.0,0.0,0.0,0.0,0.0,0.0,0.0,0.0,1.5956311803007914e-05,-0.06572632258813246,-0.06507516648405999,0.0,1.3157799710450758e-05,-0.05419885240373013,-0.05366189989845205,0.0,0.0,0.0,0.0,0.0,0.0,0.0,0.0,2.4787539196899394e-06,-0.009083353634382799,-0.008993262933353589,0.0,3.6201265530555094e-06,-0.013265895182824635,-0.013134321113939251,0.0,0.0,0.0,0.0,0.0,0.0,0.0,0.0,0.0,0.0,0.0,0.0,0.0,0.0,0.0,0.0,0.0,0.0,9.497447220052624e-11,1.426467763649547e-06,-1.441573231203419e-06,0.0,1.6574604261725313e-10,2.4894203807419857e-06,-2.515781900965658e-06,0.0,0.0,0.0,0.0,0.0,0.0,0.0,0.0,-8.202717944000888e-08,0.00025797853948429737,-0.00026077041458064804,0.0,-9.641637381173702e-07,0.003032330925936106,-0.003065147179617366,0.0,0.0,0.0,0.0,0.0,0.0,0.0,0.0,1.0256275778080639e-07,-0.00023423447874097725,0.0002367244538816083,0.0,1.3183921114534822e-06,-0.003010965146457066,0.0030429725110614637,0.0,0.0,0.0,0.0,0.0,0.0,0.0,0.0,4.857321099337998e-07,-0.0014202652105582423,0.001435484457774078,0.0,8.834007416264471e-07,-0.002583035617069622,0.002610714854251007,0.0,0.0,0.0,0.0,0.0,0.0,0.0,0.0,0.0,0.0,-7.092883651416567e-07,0.0014157760033354722,-0.001431145408903058,0.0,-1.291893015210721e-06,0.0025786848053636832,-0.0026066785363714337,0.0,0.0,0.0,0.0,0.0,0.0,0.0,0.0,0.0,0.0,2.8261122587576177e-09,-6.421079454112938e-06,6.490911201997157e-06,0.0,2.142985306655487e-09,-4.868978180319616e-06,4.921930220412596e-06,0.0,0.0,0.0,0.0,0.0,0.0,0.0,0.0,0.0,0.0,0.0,0.0
20,0.0,0.0,0.0,0.0,0.0,0.0,0.0,0.0,0.0,0.0,0.0,0.0,0.0,0.0,0.0,0.0,0.0,0.0,0.0,0.0,0.0,0.0,0.0,0.0,0.0,0.0,0.0,0.0,0.0,0.0,0.0,0.0,0.0,0.0,0.0,0.0,0.0,0.0,0.0,0.0,0.0,0.0,0.0,0.0,0.0,0.0,0.0,0.0,0.0,0.0,0.0,0.0,0.0,0.0,0.0,0.0,0.0,0.0,0.0,0.0,0.0,0.0,0.0,0.0,0.0,0.0,0.0,0.0,0.0,0.0,0.0,0.0,0.0,0.0,0.0,0.0,0.0,0.0,0.0,0.0,0.0,0.0,0.0,0.0,0.0,0.0,0.0,0.0,0.0,0.0,0.0,0.0,0.0,0.0,0.0,0.0,0.0,0.0,0.0,0.0,0.0,0.0,0.0,0.0,0.0,0.0,0.0,0.0,0.0,0.0,0.0,0.0,0.0,0.0,0.0,0.0,0.0,0.0,0.0,0.0,0.0,0.0,0.0,0.0,0.0,0.0,0.0,0.0,0.0,0.0,0.0,0.0,0.0,0.0,0.0,0.0,0.0,0.0,0.0,0.0,0.0,0.0,0.0,0.0,0.0,0.0,0.0,0.0,0.0,0.0,0.0,0.0,0.0,0.0,0.0,0.0,0.0,0.0,0.0,0.0,0.0,0.0,0.0,0.0,0.0,0.0,0.0,0.0,0.0,0.0,0.0,0.0,0.0,0.0,0.0,0.0,0.0,0.0,0.0,0.0,0.0,0.0,0.0,0.0,0.0,0.0,0.0,0.0,0.0,0.0,0.0,0.0,0.0,0.0,0.0,0.0,0.0,0.0,0.0,0.0
21,0.0,0.0,1.742350754513106e-11,5.111989090681431e-06,5.060972599026317e-06,0.0,1.1377267477062916e-11,3.3380458598167304e-06,3.3047329192507653e-06,0.0,0.0,0.0,0.0,0.0,0.0,0.0,0.0,6.168851740128354e-10,8.443580389372932e-06,8.36299165349553e-06,0.0,4.3224096036680015e-10,5.916273319872165e-06,5.859806161869649e-06,0.0,0.0,0.0,0.0,0.0,0.0,0.0,0.0,-3.4251994248862934e-10,5.42825785182129e-06,5.375917800673801e-06,0.0,-2.1237653301903294e-10,3.365744413382354e-06,3.333291416572943e-06,0.0,0.0,0.0,0.0,0.0,0.0,0.0,0.0,1.7054322933064103e-10,-7.869701294096234e-07,-7.794321225891027e-07,0.0,1.651853160940638e-10,-7.622460891196401e-07,-7.549449019411509e-07,0.0,0.0,0.0,0.0,0.0,0.0,0.0,0.0,9.938291593016177e-10,-4.093723958780816e-06,-4.053167097554123e-06,0.0,7.871572403676837e-10,-3.242412867504734e-06,-3.210290015541309e-06,0.0,0.0,0.0,0.0,0.0,0.0,0.0,0.0,3.2717249313456407e-10,-1.1989183076937552e-06,-1.1870271719784148e-06,0.0,3.146550692827755e-10,-1.1530484105111112e-06,-1.1416122225342009e-06,0.0,0.0,0.0,0.0,0.0,0.0,0.0,0.0,0.0,0.0,0.0,0.0,0.0,0.0,0.0,0.0,0.0,0.0,2.1701783211552413e-14,3.259496309671502e-10,-3.294012488037005e-10,0.0,1.7384266339910243e-14,2.611027463911966e-10,-2.6386767327295475e-10,0.0,0.0,0.0,0.0,0.0,0.0,0.0,0.0,-7.115423244487905e-11,2.237827155532239e-07,-2.262045192885164e-07,0.0,-9.955527964532179e-11,3.131050685417687e-07,-3.1649352963296066e-07,0.0,0.0,0.0,0.0,0.0,0.0,0.0,0.0,9.73567069482267e-11,-2.223448159681188e-07,2.2470840081431426e-07,0.0,1.3654624039239e-10,-3.118465038811332e-07,3.151615156015689e-07,0.0,0.0,0.0,0.0,0.0,0.0,0.0,0.0,-4.5780038025351876e-11,1.338593723077139e-07,-1.352937796734393e-07,0.0,-4.23217515674839e-12,1.2374745291056672e-08,-1.2507350318919042e-08,0.0,0.0,0.0,0.0,0.0,0.0,0.0,0.0,0.0,0.0,6.72302157253543e-11,-1.3419496329114837e-07,1.3565175928930617e-07,0.0,6.346494201803675e-12,-1.2667928360035452e-08,1.2805449075323386e-08,0.0,0.0,0.0,0.0,0.0,0.0,0.0,0.0,0.0,0.0,2.0594789604863126e-13,-4.679247258622804e-10,4.730135900815599e-10,0.0,1.5926265998138346e-13,-3.6185335194879015e-10,3.657886485324867e-10,0.0,0.0,0.0,0.0,0.0,0.0,0.0,0.0,0.0,0.0,0.0,0.0
22,0.0,0.0,2.3848325882946063e-07,0.06997005707883654,0.06927177177936722,0.0,1.5572569515502744e-07,0.04568931099029719,0.04523334202958219,0.0,0.0,0.0,0.0,0.0,0.0,0.0,0.0,8.443580389372932e-06,0.11557102163444072,0.11446796794061892,0.0,5.916273319872165e-06,0.08097865127295716,0.0802057602909091,0.0,0.0,0.0,0.0,0.0,0.0,0.0,0.0,-4.688222040664507e-06,0.07429896758248922,0.07358256613848478,0.0,-2.9068915981521185e-06,0.04606843335139939,0.04562423482146259,0.0,0.0,0.0,0.0,0.0,0.0,0.0,0.0,2.334300656553904e-06,-0.010771608447777541,-0.010668432412356424,0.0,2.2609645268524238e-06,-0.010433199566298684,-0.01033326498612648,0.0,0.0,0.0,0.0,0.0,0.0,0.0,0.0,1.3602979538768304e-05,-0.05603261156856499,-0.05547749185985058,0.0,1.0774169518269534e-05,-0.04438033990057246,-0.04394066020925367,0.0,0.0,0.0,0.0,0.0,0.0,0.0,0.0,4.478154709089793e-06,-0.016410125478380434,-0.016247366241227273,0.0,4.306823189038979e-06,-0.015782283895165675,-0.015625751729053002,0.0,0.0,0.0,0.0,0.0,0.0,0.0,0.0,0.0,0.0,0.0,0.0,0.0,0.0,0.0,0.0,0.0,0.0,2.97041911296896e-10,4.461416853406702e-06,-4.508660674303749e-06,0.0,2.3794614708665706e-10,3.573828845164148e-06,-3.611673623055492e-06,0.0,0.0,0.0,0.0,0.0,0.0,0.0,0.0,-9.73919469946545e-07,0.0030630130664909003,-0.0030961613660248407,0.0,-1.3626571723286174e-06,0.004285607642918546,-0.004331987009492761,0.0,0.0,0.0,0.0,0.0,0.0,0.0,0.0,1.3325643348090407e-06,-0.003043331898503505,0.0030756833303366444,0.0,1.8689688230305841e-06,-0.004268381111409979,0.004313755143940434,0.0,0.0,0.0,0.0,0.0,0.0,0.0,0.0,-6.266116411602464e-07,0.001832192470438046,-0.0018518258388732587,0.0,-5.792765438899697e-08,0.0001693786154453418,-0.0001711936391482205,0.0,0.0,0.0,0.0,0.0,0.0,0.0,0.0,0.0,0.0,9.202097164684022e-07,-0.0018367858527496093,0.001856725664305385,0.0,8.686727488526637e-08,-0.0001733915418634319,0.0001752738487556249,0.0,0.0,0.0,0.0,0.0,0.0,0.0,0.0,0.0,0.0,2.8188999988393017e-09,-6.404692810647178e-06,6.4743463473806995e-06,0.0,2.179898511470983e-09,-4.952846972262198e-06,5.006711118235585e-06,0.0,0.0,0.0,0.0,0.0,0.0,0.0,0.0,0.0,0.0,0.0,0.0
23,0.0,0.0,2.3620708409425262e-07,0.06930223629793296,0.0686106156983861,0.0,1.5423939001698817e-07,0.045253234865475604,0.04480161784557822,0.0,0.0,0.0,0.0,0.0,0.0,0.0,0.0,8.362991653495532e-06,0.11446796794061893,0.11337544220989937,0.0,5.859806161869649e-06,0.0802057602909091,0.0794402460737335,0.0,0.0,0.0,0.0,0.0,0.0,0.0,0.0,-4.643475870160198e-06,0.0735898300367622,0.07288026620003937,0.0,-2.8791471214698626e-06,0.04562873873887293,0.0451887798082951,0.0,0.0,0.0,0.0,0.0,0.0,0.0,0.0,2.3120212051370353e-06,-0.0106688001285407,-0.010566608844360632,0.0,2.239385023291114e-06,-0.010333621149864955,-0.010234640383254678,0.0,0.0,0.0,0.0,0.0,0.0,0.0,0.0,1.347314753923228e-05,-0.0554978150573713,-0.054947993621844694,0.0,1.0671336755203887e-05,-0.043956757092632616,-0.043521273871161954,0.0,0.0,0.0,0.0,0.0,0.0,0.0,0.0,4.435413500926112e-06,-0.016253501012584312,-0.016092295211363506,0.0,4.265717233929111e-06,-0.01563165178772813,-0.01547661362401839,0.0,0.0,0.0,0.0,0.0,0.0,0.0,0.0,0.0,0.0,0.0,0.0,0.0,0.0,0.0,0.0,0.0,0.0,2.942068305572783e-10,4.4188353976841455e-06,-4.4656283056318524e-06,0.0,2.3567509874978955e-10,3.5397188662671802e-06,-3.5772024392366486e-06,0.0,0.0,0.0,0.0,0.0,0.0,0.0,0.0,-9.64624012888049e-07,0.003033778507261129,-0.003066610426843342,0.0,-1.3496514550987028e-06,0.004244704177032911,-0.004290640881329911,0.0,0.0,0.0,0.0,0.0,0.0,0.0,0.0,1.3198458350417248e-06,-0.00301428518381071,0.0030463278412999123,0.0,1.851130675242962e-06,-0.004227642062079149,0.004272583027622064,0.0,0.0,0.0,0.0,0.0,0.0,0.0,0.0,-6.206310218354508e-07,0.0018147053301175138,-0.0018341513102328117,0.0,-5.7374770869887414e-08,0.0001677620016542758,-0.00016955970208207272,0.0,0.0,0.0,0.0,0.0,0.0,0.0,0.0,0.0,0.0,9.114268856818779e-07,-0.0018192548714449433,0.001839004369871354,0.0,8.603818064451934e-08,-0.00017173662717958824,0.00017360096862040122,0.0,0.0,0.0,0.0,0.0,0.0,0.0,0.0,0.0,0.0,2.7919953473793004e-09,-6.3435639916509245e-06,6.412552728592841e-06,0.0,2.1590927327283947e-09,-4.905575120978112e-06,4.958925167098532e-06,0.0,0.0,0.0,0.0,0.0,0.0,0.0,0.0,0.0,0.0,0.0,0.0
24,0.0,0.0,0.0,0.0,0.0,0.0,0.0,0.0,0.0,0.0,0.0,0.0,0.0,0.0,0.0,0.0,0.0,0.0,0.0,0.0,0.0,0.0,0.0,0.0,0.0,0.0,0.0,0.0,0.0,0.0,0.0,0.0,0.0,0.0,0.0,0.0,0.0,0.0,0.0,0.0,0.0,0.0,0.0,0.0,0.0,0.0,0.0,0.0,0.0,0.0,0.0,0.0,0.0,0.0,0.0,0.0,0.0,0.0,0.0,0.0,0.0,0.0,0.0,0.0,0.0,0.0,0.0,0.0,0.0,0.0,0.0,0.0,0.0,0.0,0.0,0.0,0.0,0.0,0.0,0.0,0.0,0.0,0.0,0.0,0.0,0.0,0.0,0.0,0.0,0.0,0.0,0.0,0.0,0.0,0.0,0.0,0.0,0.0,0.0,0.0,0.0,0.0,0.0,0.0,0.0,0.0,0.0,0.0,0.0,0.0,0.0,0.0,0.0,0.0,0.0,0.0,0.0,0.0,0.0,0.0,0.0,0.0,0.0,0.0,0.0,0.0,0.0,0.0,0.0,0.0,0.0,0.0,0.0,0.0,0.0,0.0,0.0,0.0,0.0,0.0,0.0,0.0,0.0,0.0,0.0,0.0,0.0,0.0,0.0,0.0,0.0,0.0,0.0,0.0,0.0,0.0,0.0,0.0,0.0,0.0,0.0,0.0,0.0,0.0,0.0,0.0,0.0,0.0,0.0,0.0,0.0,0.0,0.0,0.0,0.0,0.0,0.0,0.0,0.0,0.0,0.0,0.0,0.0,0.0,0.0,0.0,0.0,0.0,0.0,0.0,0.0,0.0,0.0,0.0,0.0,0.0,0.0,0.0,0.0,0.0
25,0.0,0.0,0.0,0.0,0.0,0.0,0.0,0.0,0.0,0.0,0.0,0.0,0.0,0.0,0.0,0.0,0.0,0.0,0.0,0.0,0.0,0.0,0.0,0.0,0.0,0.0,0.0,0.0,0.0,0.0,0.0,0.0,0.0,0.0,0.0,0.0,0.0,0.0,0.0,0.0,0.0,0.0,0.0,0.0,0.0,0.0,0.0,0.0,0.0,0.0,0.0,0.0,0.0,0.0,0.0,0.0,0.0,0.0,0.0,0.0,0.0,0.0,0.0,0.0,0.0,0.0,0.0,0.0,0.0,0.0,0.0,0.0,0.0,0.0,0.0,0.0,0.0,0.0,0.0,0.0,0.0,0.0,0.0,0.0,0.0,0.0,0.0,0.0,0.0,0.0,0.0,0.0,0.0,0.0,0.0,0.0,0.0,0.0,0.0,0.0,0.0,0.0,0.0,0.0,0.0,0.0,0.0,0.0,0.0,0.0,0.0,0.0,0.0,0.0,0.0,0.0,0.0,0.0,0.0,0.0,0.0,0.0,0.0,0.0,0.0,0.0,0.0,0.0,0.0,0.0,0.0,0.0,0.0,0.0,0.0,0.0,0.0,0.0,0.0,0.0,0.0,0.0,0.0,0.0,0.0,0.0,0.0,0.0,0.0,0.0,0.0,0.0,0.0,0.0,0.0,0.0,0.0,0.0,0.0,0.0,0.0,0.0,0.0,0.0,0.0,0.0,0.0,0.0,0.0,0.0,0.0,0.0,0.0,0.0,0.0,0.0,0.0,0.0,0.0,0.0,0.0,0.0,0.0,0.0,0.0,0.0,0.0,0.0,0.0,0.0,0.0,0.0,0.0,0.0,0.0,0.0,0.0,0.0,0.0,0.0
26,0.0,0.0,0.0,0.0,0.0,0.0,0.0,0.0,0.0,0.0,0.0,0.0,0.0,0.0,0.0,0.0,0.0,0.0,0.0,0.0,0.0,0.0,0.0,0.0,0.0,0.0,0.0,0.0,0.0,0.0,0.0,0.0,0.0,0.0,0.0,0.0,0.0,0.0,0.0,0.0,0.0,0.0,0.0,0.0,0.0,0.0,0.0,0.0,0.0,0.0,0.0,0.0,0.0,0.0,0.0,0.0,0.0,0.0,0.0,0.0,0.0,0.0,0.0,0.0,0.0,0.0,0.0,0.0,0.0,0.0,0.0,0.0,0.0,0.0,0.0,0.0,0.0,0.0,0.0,0.0,0.0,0.0,0.0,0.0,0.0,0.0,0.0,0.0,0.0,0.0,0.0,0.0,0.0,0.0,0.0,0.0,0.0,0.0,0.0,0.0,0.0,0.0,0.0,0.0,0.0,0.0,0.0,0.0,0.0,0.0,0.0,0.0,0.0,0.0,0.0,0.0,0.0,0.0,0.0,0.0,0.0,0.0,0.0,0.0,0.0,0.0,0.0,0.0,0.0,0.0,0.0,0.0,0.0,0.0,0.0,0.0,0.0,0.0,0.0,0.0,0.0,0.0,0.0,0.0,0.0,0.0,0.0,0.0,0.0,0.0,0.0,0.0,0.0,0.0,0.0,0.0,0.0,0.0,0.0,0.0,0.0,0.0,0.0,0.0,0.0,0.0,0.0,0.0,0.0,0.0,0.0,0.0,0.0,0.0,0.0,0.0,0.0,0.0,0.0,0.0,0.0,0.0,0.0,0.0,0.0,0.0,0.0,0.0,0.0,0.0,0.0,0.0,0.0,0.0,0.0,0.0,0.0,0.0,0.0,0.0
27,0.0,0.0,0.0,0.0,0.0,0.0,0.0,0.0,0.0,0.0,0.0,0.0,0.0,0.0,0.0,0.0,0.0,0.0,0.0,0.0,0.0,0.0,0.0,0.0,0.0,0.0,0.0,0.0,0.0,0.0,0.0,0.0,0.0,0.0,0.0,0.0,0.0,0.0,0.0,0.0,0.0,0.0,0.0,0.0,0.0,0.0,0.0,0.0,0.0,0.0,0.0,0.0,0.0,0.0,0.0,0.0,0.0,0.0,0.0,0.0,0.0,0.0,0.0,0.0,0.0,0.0,0.0,0.0,0.0,0.0,0.0,0.0,0.0,0.0,0.0,0.0,0.0,0.0,0.0,0.0,0.0,0.0,0.0,0.0,0.0,0.0,0.0,0.0,0.0,0.0,0.0,0.0,0.0,0.0,0.0,0.0,0.0,0.0,0.0,0.0,0.0,0.0,0.0,0.0,0.0,0.0,0.0,0.0,0.0,0.0,0.0,0.0,0.0,0.0,0.0,0.0,0.0,0.0,0.0,0.0,0.0,0.0,0.0,0.0,0.0,0.0,0.0,0.0,0.0,0.0,0.0,0.0,0.0,0.0,0.0,0.0,0.0,0.0,0.0,0.0,0.0,0.0,0.0,0.0,0.0,0.0,0.0,0.0,0.0,0.0,0.0,0.0,0.0,0.0,0.0,0.0,0.0,0.0,0.0,0.0,0.0,0.0,0.0,0.0,0.0,0.0,0.0,0.0,0.0,0.0,0.0,0.0,0.0,0.0,0.0,0.0,0.0,0.0,0.0,0.0,0.0,0.0,0.0,0.0,0.0,0.0,0.0,0.0,0.0,0.0,0.0,0.0,0.0,0.0,0.0,0.0,0.0,0.0,0.0,0.0
28,0.0,0.0,0.0,0.0,0.0,0.0,0.0,0.0,0.0,0.0,0.0,0.0,0.0,0.0,0.0,0.0,0.0,0.0,0.0,0.0,0.0,0.0,0.0,0.0,0.0,0.0,0.0,0.0,0.0,0.0,0.0,0.0,0.0,0.0,0.0,0.0,0.0,0.0,0.0,0.0,0.0,0.0,0.0,0.0,0.0,0.0,0.0,0.0,0.0,0.0,0.0,0.0,0.0,0.0,0.0,0.0,0.0,0.0,0.0,0.0,0.0,0.0,0.0,0.0,0.0,0.0,0.0,0.0,0.0,0.0,0.0,0.0,0.0,0.0,0.0,0.0,0.0,0.0,0.0,0.0,0.0,0.0,0.0,0.0,0.0,0.0,0.0,0.0,0.0,0.0,0.0,0.0,0.0,0.0,0.0,0.0,0.0,0.0,0.0,0.0,0.0,0.0,0.0,0.0,0.0,0.0,0.0,0.0,0.0,0.0,0.0,0.0,0.0,0.0,0.0,0.0,0.0,0.0,0.0,0.0,0.0,0.0,0.0,0.0,0.0,0.0,0.0,0.0,0.0,0.0,0.0,0.0,0.0,0.0,0.0,0.0,0.0,0.0,0.0,0.0,0.0,0.0,0.0,0.0,0.0,0.0,0.0,0.0,0.0,0.0,0.0,0.0,0.0,0.0,0.0,0.0,0.0,0.0,0.0,0.0,0.0,0.0,0.0,0.0,0.0,0.0,0.0,0.0,0.0,0.0,0.0,0.0,0.0,0.0,0.0,0.0,0.0,0.0,0.0,0.0,0.0,0.0,0.0,0.0,0.0,0.0,0.0,0.0,0.0,0.0,0.0,0.0,0.0,0.0,0.0,0.0,0.0,0.0,0.0,0.0
