,0,1,2,3,4,5,6,7,8,9,10,11,12,13,14,15,16,17,18,19,20,21,22,23,24,25,26,27,28,29,30,31,32,33,34,35,36,37,38,39,40,41,42,43,44,45,46,47,48,49,50,51,52,53,54,55,56,57,58,59,60,61,62,63,64,65,66,67,68,69,70,71
0,1.0,0.219059,0.0,0.0,0.0,0.184261,0.0,0.0,0.0,0.0791027,0.0791027,0.0791027,0.0,0.0,0.0,0.0339841,0.0931549,0.0,0.0,0.0,0.0,0.0,0.000178649,-0.00025005,0.000888207,0.0,0.0,0.0,0.0,0.0,0.0,0.0,0.0,4.87803e-05,8.93483e-06,0.0235075,-0.0359476,-0.0348244,0.0,0.0685552,-0.0961423,-0.0931382,0.0,0.033988,0.0319869,0.001459,0.0545814,0.0,0.0,5.53782e-05,0.0153375,5.17783e-05,0.0150473,0.0,0.0,0.0,0.0,0.0,5.56101e-06,0.0,3.51507e-05,0.0,0.0,0.0,0.0,0.0,0.0,0.0,0.0,1.3374e-05,0.0,0.0
1,0.219059,1.0,0.0,0.0,0.0,0.812273,0.0,0.0,0.0,0.710235,0.710235,0.710235,0.0,0.0,0.0,0.27908,0.479991,0.0,1.17774e-05,-1.00191e-05,3.55888e-05,0.0,0.00356514,-0.00393369,0.0139729,0.0,1.79901e-06,1.39233e-05,0.0,-6.42083e-06,0.0,0.0,0.0,0.00121556,0.0235075,0.224431,-0.21858,-0.21175,0.0,0.377406,-0.411197,-0.398349,0.0,0.236321,0.228249,0.1051,0.220179,0.0,0.0,0.00904324,0.116251,0.00872151,0.114513,0.0,0.0,0.0,0.0,0.0,0.000229976,0.0,0.00115047,0.0,0.0,0.0,0.0,0.0,0.0,0.0,0.0,0.000433316,0.0,3.10455e-06
2,0.0,0.0,1.0,0.0,0.0,0.0,0.569754,0.0,0.0,0.0,0.0,0.0,0.0,0.0,0.0,-0.374227,-0.265532,0.0,1.00191e-05,-3.5327e-06,3.02964e-05,0.0,0.0015479,0.000393516,0.00616246,0.0,0.0,1.40914e-05,0.0,-3.29855e-06,0.0,0.0,0.0,0.00108391,0.0359476,0.21858,-0.116151,-0.238608,0.0,0.185791,0.0444062,-0.204464,0.0,0.132129,0.289716,0.112653,0.174627,0.0,0.0,0.00640184,0.03953,0.0176416,0.111284,0.0,0.0,0.0,0.0,0.0,0.0,0.00013285,0.0,0.0,0.0,0.0,0.0,0.0,0.0,0.0,0.0,-0.000201363,0.0,0.0
3,0.0,0.0,0.0,1.0,0.0,0.0,0.0,0.569754,0.0,0.0,0.0,0.0,0.0,0.0,0.0,-0.0198109,-0.0140568,0.0,-3.55888e-05,3.02964e-05,-0.00010262,0.0,-0.00549832,0.00616246,-0.0197614,0.0,-6.46734e-06,-4.63594e-05,-2.7155e-06,2.21821e-05,0.0,0.0,0.0,-0.00175784,0.0348244,0.21175,-0.238608,-0.100999,0.0,0.179986,-0.204464,0.0573897,0.0,0.291907,0.116757,0.109133,0.160157,0.0,0.0,0.0181257,0.111922,0.00588969,0.0371524,0.0,0.0,0.0,0.0,0.0,-0.000436791,0.0,-0.00207168,0.0,0.0,0.0,0.0,0.0,0.0,0.0,0.0,-0.000756562,0.0,-6.97286e-06
4,0.0,0.0,0.0,0.0,1.0,0.0,0.0,0.0,0.569754,0.0,0.0,0.0,0.0,0.0,0.0,0.0,0.0,0.0,0.0,0.0,0.0,4.99643e-06,0.0,0.0,0.0,0.00212839,0.0,0.0,0.0,0.0,0.0,3.19983e-06,0.0,0.0,0.0,0.0,0.0,0.0,0.130154,0.0,0.0,0.0,0.255465,0.0,0.0,0.0,0.0,-0.146525,-0.141947,0.0,0.0,0.0,0.0,0.0,0.0,0.0,0.0,0.0,0.0,0.0,0.0,0.00013285,0.0,0.0,0.0,0.0,0.0,0.0,0.0,0.0,0.0,0.0
5,0.184261,0.812273,0.0,0.0,0.0,1.0,0.0,0.0,0.0,0.629936,0.629936,0.629936,0.0,0.0,0.0,0.380444,0.708374,0.000178649,0.00356514,-0.0015479,0.00549832,0.0,0.02729,-0.019847,0.0704988,0.0,0.0019477,0.00546791,0.00164469,-0.00186424,0.0,0.0,0.000538562,0.0129234,0.0685552,0.377406,-0.185791,-0.179986,0.0,0.598909,-0.435565,-0.421956,0.0,0.319895,0.316833,0.270128,0.0835055,0.0,0.0,0.0788362,0.27252,0.0775357,0.269776,5.56101e-06,0.000229976,0.0,0.000436791,0.0,0.00449395,0.0,0.0147755,0.0,8.35998e-05,0.000398389,8.35998e-05,0.0,0.0,0.0,0.000176049,0.00650342,0.0,0.000244389
6,0.0,0.0,0.569754,0.0,0.0,0.0,1.0,0.0,0.0,0.0,0.0,0.0,0.0,0.0,0.0,-0.514897,-0.580434,0.00025005,0.00393369,0.000393516,0.00616246,0.0,0.019847,0.0128559,0.0512713,0.0,0.0015063,0.00656807,0.00197561,0.000324028,0.0,0.0,0.00134271,0.0197762,0.0961423,0.411197,0.0444062,-0.204464,0.0,0.435565,0.282138,-0.306873,0.0,0.247398,0.380581,0.324479,-0.0145143,0.0,0.0,0.0687986,0.144665,0.193459,0.40947,0.0,0.0,0.00013285,0.0,0.0,0.0,0.00449395,0.0,0.0,0.0,0.0,0.0,0.000165831,0.0,0.0,-0.000231183,-0.00524786,0.0,4.3998e-05
7,0.0,0.0,0.0,0.569754,0.0,0.0,0.0,1.0,0.0,0.0,0.0,0.0,0.0,0.0,0.0,-0.0272577,-0.0307271,-0.000888207,-0.0139729,0.00616246,-0.0197614,0.0,-0.0704988,0.0512713,-0.154831,0.0,-0.00831046,-0.0203706,-0.00701758,0.00723272,0.0,0.0,-0.00217756,-0.0320723,0.0931382,0.398349,-0.204464,0.0573897,0.0,0.421956,-0.306873,0.301624,0.0,0.372252,0.236106,0.31434,-0.0213519,0.0,0.0,0.194791,0.409592,0.064587,0.136703,-3.51507e-05,-0.00115047,0.0,-0.00207168,0.0,-0.0147755,0.0,-0.0440859,0.0,-0.000453987,-0.00197195,-0.000453987,0.0,0.0,0.0,-0.0008686,-0.0197173,-5.57212e-06,-0.00098442
8,0.0,0.0,0.0,0.0,0.569754,0.0,0.0,0.0,1.0,0.0,0.0,0.0,0.0,0.0,0.0,0.0,0.0,0.0,0.0,0.0,0.0,0.00212839,0.0,0.0,0.0,0.02729,0.0,0.0,0.0,0.0,-0.000721646,0.00256337,0.0,0.0,0.0,0.0,0.0,0.0,0.255465,0.0,0.0,0.0,0.598909,0.0,0.0,0.0,0.0,-0.118525,-0.114821,0.0,0.0,0.0,0.0,0.0,0.0,0.0,0.0,0.00013285,0.0,0.0,0.0,0.00449395,0.0,0.0,0.0,0.0,0.0,0.000165831,0.0,0.0,0.0,0.0
9,0.0791027,0.710235,0.0,0.0,0.0,0.629936,0.0,0.0,0.0,1.0,0.333333,0.333333,0.0,0.0,0.0,0.461728,0.434301,0.0,1.79901e-06,0.0,6.46734e-06,0.0,0.0019477,-0.0015063,0.00831046,0.0,0.0,1.46446e-06,0.0,0.0,0.0,0.0,0.0,0.000935251,0.033988,0.236321,-0.132129,-0.291907,0.0,0.319895,-0.247398,-0.372252,0.0,0.125318,0.344954,0.102858,0.186068,0.0,0.0,0.00381776,0.0819342,0.0167845,0.130577,0.0,0.0,0.0,0.0,0.0,8.35998e-05,0.0,0.000453987,0.0,0.0,0.0,0.0,0.0,0.0,0.0,0.0,0.000208648,0.0,0.0
10,0.0791027,0.710235,0.0,0.0,0.0,0.629936,0.0,0.0,0.0,0.333333,1.0,0.333333,0.0,0.0,0.0,0.121422,0.354639,0.0,1.39233e-05,-1.40914e-05,4.63594e-05,0.0,0.00546791,-0.00656807,0.0203706,0.0,1.46446e-06,1.20347e-05,0.0,-6.0469e-06,0.0,0.0,0.0,0.00160627,0.0319869,0.228249,-0.289716,-0.116757,0.0,0.316833,-0.380581,-0.236106,0.0,0.344954,0.112373,0.0983344,0.167032,0.0,0.0,0.0172342,0.131619,0.0034916,0.0799772,0.0,0.0,0.0,0.0,0.0,0.000398389,0.0,0.00197195,0.0,0.0,0.0,0.0,0.0,0.0,0.0,0.0,0.000699589,0.0,5.28758e-06
11,0.0791027,0.710235,0.0,0.0,0.0,0.629936,0.0,0.0,0.0,0.333333,0.333333,1.0,0.0,0.0,0.0,0.120466,0.354415,0.0,0.0,0.0,2.7155e-06,0.0,0.00164469,-0.00197561,0.00701758,0.0,0.0,0.0,0.0,0.0,0.0,0.0,0.0,0.000523611,0.001459,0.1051,-0.112653,-0.109133,0.0,0.270128,-0.324479,-0.31434,0.0,0.102858,0.0983344,0.0879637,0.12339,0.0,0.0,0.0019056,0.0748528,0.00182416,0.0736301,0.0,0.0,0.0,0.0,0.0,8.35998e-05,0.0,0.000453987,0.0,0.0,0.0,0.0,0.0,0.0,0.0,0.0,0.000171219,0.0,0.0
12,0.0,0.0,0.0,0.0,0.0,0.0,0.0,0.0,0.0,0.0,0.0,0.0,1.0,0.0,0.0,0.0312909,0.00732485,0.0,-6.42083e-06,3.29855e-06,-2.21821e-05,0.0,-0.00186424,-0.000324028,-0.00723272,0.0,0.0,-6.0469e-06,0.0,1.77287e-06,0.0,0.0,0.0,-0.00115629,0.0545814,0.220179,-0.174627,-0.160157,0.0,0.0835055,0.0145143,0.0213519,0.0,0.186068,0.167032,0.12339,0.179563,0.0,0.0,0.0093772,0.0347268,0.0086508,0.0329294,0.0,0.0,0.0,0.0,0.0,0.0,-0.000165831,0.0,0.0,0.0,0.0,0.0,0.0,0.0,0.0,0.0,0.000243576,0.0,0.0
13,0.0,0.0,0.0,0.0,0.0,0.0,0.0,0.0,0.0,0.0,0.0,0.0,0.0,1.0,0.0,0.0,0.0,0.0,0.0,0.0,0.0,0.0,0.0,0.0,0.0,0.000721646,0.0,0.0,0.0,0.0,0.0,0.0,0.0,0.0,0.0,0.0,0.0,0.0,0.146525,0.0,0.0,0.0,0.118525,0.0,0.0,0.0,0.0,-0.132647,-0.213717,0.0,0.0,0.0,0.0,0.0,0.0,0.0,0.0,0.0,0.0,0.0,0.0,0.0,0.0,0.0,0.0,0.0,0.0,0.0,0.0,0.0,0.0,0.0
14,0.0,0.0,0.0,0.0,0.0,0.0,0.0,0.0,0.0,0.0,0.0,0.0,0.0,0.0,1.0,0.0,0.0,0.0,0.0,0.0,0.0,-3.19983e-06,0.0,0.0,0.0,-0.00256337,0.0,0.0,0.0,0.0,0.0,-1.17567e-06,0.0,0.0,0.0,0.0,0.0,0.0,0.141947,0.0,0.0,0.0,0.114821,0.0,0.0,0.0,0.0,-0.213717,-0.119076,0.0,0.0,0.0,0.0,0.0,0.0,0.0,0.0,0.0,0.0,0.0,0.0,-0.000165831,0.0,0.0,0.0,0.0,0.0,0.0,0.0,0.0,0.0,0.0
15,0.0339841,0.27908,-0.374227,-0.0198109,0.0,0.380444,-0.514897,-0.0272577,0.0,0.461728,0.121422,0.120466,0.0312909,0.0,0.0,1.0,0.658292,0.0,0.0,0.0,0.0,0.0,0.000538562,-0.00134271,0.00217756,0.0,0.0,0.0,0.0,0.0,0.0,0.0,0.0,6.26428e-05,1.76602e-05,0.00488124,-0.00986632,-0.0047198,0.0,0.0593955,-0.14931,-0.0714263,0.0,0.008432,0.0026282,0.000905911,0.00623589,0.0,0.0,0.000154097,0.0214973,7.07603e-06,0.00614403,0.0,0.0,0.0,0.0,0.0,8.4671e-05,-0.000112831,0.000436568,0.0,0.0,0.0,0.0,0.0,0.0,0.0,0.0,0.000480046,0.0,0.0
16,0.0931549,0.479991,-0.265532,-0.0140568,0.0,0.708374,-0.580434,-0.0307271,0.0,0.434301,0.354639,0.354415,0.00732485,0.0,0.0,0.658292,1.0,4.87803e-05,0.00121556,-0.00108391,0.00175784,0.0,0.0129234,-0.0197762,0.0320723,0.0,0.000935251,0.00160627,0.000523611,-0.00115629,0.0,0.0,6.26428e-05,0.00322724,0.0110786,0.089947,-0.0874698,-0.0418434,0.0,0.229386,-0.351021,-0.16792,0.0,0.101,0.0667189,0.0565459,0.0368332,0.0,0.0,0.0214973,0.121451,0.00614403,0.055909,5.72989e-06,0.000220324,-0.000103291,0.000399654,0.0,0.00414696,-0.00339797,0.0131475,0.0,0.000100866,0.000360072,8.23127e-05,-0.000124339,0.0,0.0,0.000480046,0.0114728,0.0,0.000215474
17,0.0,0.0,0.0,0.0,0.0,0.000178649,0.00025005,-0.000888207,0.0,0.0,0.0,0.0,0.0,0.0,0.0,0.0,4.87803e-05,1.0,0.219059,0.0,0.0,0.0,0.184261,0.0,0.0,0.0,0.0791027,0.0791027,0.0791027,0.0,0.0,0.0,0.0339841,0.0931549,0.0,0.0,0.0,0.0,0.0,5.56101e-06,0.0,-3.51507e-05,0.0,0.0,0.0,0.0,0.0,0.0,0.0,0.0,0.0,0.0,1.3374e-05,8.93483e-06,0.0235075,0.0359476,0.0348244,0.0,0.0685552,0.0961423,0.0931382,0.0,0.033988,0.0319869,0.001459,0.0545814,0.0,0.0,5.17783e-05,0.0150473,5.53782e-05,0.0153375
18,0.0,1.17774e-05,1.00191e-05,-3.55888e-05,0.0,0.00356514,0.00393369,-0.0139729,0.0,1.79901e-06,1.39233e-05,0.0,-6.42083e-06,0.0,0.0,0.0,0.00121556,0.219059,1.0,0.0,0.0,0.0,0.812273,0.0,0.0,0.0,0.710235,0.710235,0.710235,0.0,0.0,0.0,0.27908,0.479991,0.0,0.0,0.0,0.0,0.0,0.000229976,0.0,-0.00115047,0.0,0.0,0.0,0.0,0.0,0.0,0.0,0.0,3.10455e-06,0.0,0.000433316,0.0235075,0.224431,0.21858,0.21175,0.0,0.377406,0.411197,0.398349,0.0,0.236321,0.228249,0.1051,0.220179,0.0,0.0,0.00872151,0.114513,0.00904324,0.116251
19,0.0,-1.00191e-05,-3.5327e-06,3.02964e-05,0.0,-0.0015479,0.000393516,0.00616246,0.0,0.0,-1.40914e-05,0.0,3.29855e-06,0.0,0.0,0.0,-0.00108391,0.0,0.0,1.0,0.0,0.0,0.0,0.569754,0.0,0.0,0.0,0.0,0.0,0.0,0.0,0.0,0.374227,0.265532,0.0,0.0,0.0,0.0,0.0,0.0,0.00013285,0.0,0.0,0.0,0.0,0.0,0.0,0.0,0.0,0.0,0.0,0.0,0.000201363,-0.0359476,-0.21858,-0.116151,-0.238608,0.0,-0.185791,0.0444062,-0.204464,0.0,-0.132129,-0.289716,-0.112653,-0.174627,0.0,0.0,-0.0176416,-0.111284,-0.00640184,-0.03953
20,0.0,3.55888e-05,3.02964e-05,-0.00010262,0.0,0.00549832,0.00616246,-0.0197614,0.0,6.46734e-06,4.63594e-05,2.7155e-06,-2.21821e-05,0.0,0.0,0.0,0.00175784,0.0,0.0,0.0,1.0,0.0,0.0,0.0,0.569754,0.0,0.0,0.0,0.0,0.0,0.0,0.0,0.0198109,0.0140568,0.0,0.0,0.0,0.0,0.0,0.000436791,0.0,-0.00207168,0.0,0.0,0.0,0.0,0.0,0.0,0.0,0.0,6.97286e-06,0.0,0.000756562,-0.0348244,-0.21175,-0.238608,-0.100999,0.0,-0.179986,-0.204464,0.0573897,0.0,-0.291907,-0.116757,-0.109133,-0.160157,0.0,0.0,-0.00588969,-0.0371524,-0.0181257,-0.111922
21,0.0,0.0,0.0,0.0,4.99643e-06,0.0,0.0,0.0,0.00212839,0.0,0.0,0.0,0.0,0.0,-3.19983e-06,0.0,0.0,0.0,0.0,0.0,0.0,1.0,0.0,0.0,0.0,0.569754,0.0,0.0,0.0,0.0,0.0,0.0,0.0,0.0,0.0,0.0,0.0,0.0,0.0,0.0,0.0,0.0,0.00013285,0.0,0.0,0.0,0.0,0.0,0.0,0.0,0.0,0.0,0.0,0.0,0.0,0.0,0.0,0.130154,0.0,0.0,0.0,0.255465,0.0,0.0,0.0,0.0,0.146525,0.141947,0.0,0.0,0.0,0.0
22,0.000178649,0.00356514,0.0015479,-0.00549832,0.0,0.02729,0.019847,-0.0704988,0.0,0.0019477,0.00546791,0.00164469,-0.00186424,0.0,0.0,0.000538562,0.0129234,0.184261,0.812273,0.0,0.0,0.0,1.0,0.0,0.0,0.0,0.629936,0.629936,0.629936,0.0,0.0,0.0,0.380444,0.708374,5.56101e-06,0.000229976,0.0,-0.000436791,0.0,0.00449395,0.0,-0.0147755,0.0,8.35998e-05,0.000398389,8.35998e-05,0.0,0.0,0.0,0.0,0.000244389,0.000176049,0.00650342,0.0685552,0.377406,0.185791,0.179986,0.0,0.598909,0.435565,0.421956,0.0,0.319895,0.316833,0.270128,0.0835055,0.0,0.0,0.0775357,0.269776,0.0788362,0.27252
23,-0.00025005,-0.00393369,0.000393516,0.00616246,0.0,-0.019847,0.0128559,0.0512713,0.0,-0.0015063,-0.00656807,-0.00197561,-0.000324028,0.0,0.0,-0.00134271,-0.0197762,0.0,0.0,0.569754,0.0,0.0,0.0,1.0,0.0,0.0,0.0,0.0,0.0,0.0,0.0,0.0,0.514897,0.580434,0.0,0.0,0.00013285,0.0,0.0,0.0,0.00449395,0.0,0.0,0.0,0.0,0.0,-0.000165831,0.0,0.0,0.0,-4.3998e-05,0.000231183,0.00524786,-0.0961423,-0.411197,0.0444062,-0.204464,0.0,-0.435565,0.282138,-0.306873,0.0,-0.247398,-0.380581,-0.324479,0.0145143,0.0,0.0,-0.193459,-0.40947,-0.0687986,-0.144665
24,0.000888207,0.0139729,0.00616246,-0.0197614,0.0,0.0704988,0.0512713,-0.154831,0.0,0.00831046,0.0203706,0.00701758,-0.00723272,0.0,0.0,0.00217756,0.0320723,0.0,0.0,0.0,0.569754,0.0,0.0,0.0,1.0,0.0,0.0,0.0,0.0,0.0,0.0,0.0,0.0272577,0.0307271,3.51507e-05,0.00115047,0.0,-0.00207168,0.0,0.0147755,0.0,-0.0440859,0.0,0.000453987,0.00197195,0.000453987,0.0,0.0,0.0,5.57212e-06,0.00098442,0.0008686,0.0197173,-0.0931382,-0.398349,-0.204464,0.0573897,0.0,-0.421956,-0.306873,0.301624,0.0,-0.372252,-0.236106,-0.31434,0.0213519,0.0,0.0,-0.064587,-0.136703,-0.194791,-0.409592
25,0.0,0.0,0.0,0.0,0.00212839,0.0,0.0,0.0,0.02729,0.0,0.0,0.0,0.0,0.000721646,-0.00256337,0.0,0.0,0.0,0.0,0.0,0.0,0.569754,0.0,0.0,0.0,1.0,0.0,0.0,0.0,0.0,0.0,0.0,0.0,0.0,0.0,0.0,0.0,0.0,0.00013285,0.0,0.0,0.0,0.00449395,0.0,0.0,0.0,0.0,0.0,-0.000165831,0.0,0.0,0.0,0.0,0.0,0.0,0.0,0.0,0.255465,0.0,0.0,0.0,0.598909,0.0,0.0,0.0,0.0,0.118525,0.114821,0.0,0.0,0.0,0.0
26,0.0,1.79901e-06,0.0,-6.46734e-06,0.0,0.0019477,0.0015063,-0.00831046,0.0,0.0,1.46446e-06,0.0,0.0,0.0,0.0,0.0,0.000935251,0.0791027,0.710235,0.0,0.0,0.0,0.629936,0.0,0.0,0.0,1.0,0.333333,0.333333,0.0,0.0,0.0,0.461728,0.434301,0.0,0.0,0.0,0.0,0.0,8.35998e-05,0.0,-0.000453987,0.0,0.0,0.0,0.0,0.0,0.0,0.0,0.0,0.0,0.0,0.000208648,0.033988,0.236321,0.132129,0.291907,0.0,0.319895,0.247398,0.372252,0.0,0.125318,0.344954,0.102858,0.186068,0.0,0.0,0.0167845,0.130577,0.00381776,0.0819342
27,0.0,1.39233e-05,1.40914e-05,-4.63594e-05,0.0,0.00546791,0.00656807,-0.0203706,0.0,1.46446e-06,1.20347e-05,0.0,-6.0469e-06,0.0,0.0,0.0,0.00160627,0.0791027,0.710235,0.0,0.0,0.0,0.629936,0.0,0.0,0.0,0.333333,1.0,0.333333,0.0,0.0,0.0,0.121422,0.354639,0.0,0.0,0.0,0.0,0.0,0.000398389,0.0,-0.00197195,0.0,0.0,0.0,0.0,0.0,0.0,0.0,0.0,5.28758e-06,0.0,0.000699589,0.0319869,0.228249,0.289716,0.116757,0.0,0.316833,0.380581,0.236106,0.0,0.344954,0.112373,0.0983344,0.167032,0.0,0.0,0.0034916,0.0799772,0.0172342,0.131619
28,0.0,0.0,0.0,-2.7155e-06,0.0,0.00164469,0.00197561,-0.00701758,0.0,0.0,0.0,0.0,0.0,0.0,0.0,0.0,0.000523611,0.0791027,0.710235,0.0,0.0,0.0,0.629936,0.0,0.0,0.0,0.333333,0.333333,1.0,0.0,0.0,0.0,0.120466,0.354415,0.0,0.0,0.0,0.0,0.0,8.35998e-05,0.0,-0.000453987,0.0,0.0,0.0,0.0,0.0,0.0,0.0,0.0,0.0,0.0,0.000171219,0.001459,0.1051,0.112653,0.109133,0.0,0.270128,0.324479,0.31434,0.0,0.102858,0.0983344,0.0879637,0.12339,0.0,0.0,0.00182416,0.0736301,0.0019056,0.0748528
29,0.0,-6.42083e-06,-3.29855e-06,2.21821e-05,0.0,-0.00186424,0.000324028,0.00723272,0.0,0.0,-6.0469e-06,0.0,1.77287e-06,0.0,0.0,0.0,-0.00115629,0.0,0.0,0.0,0.0,0.0,0.0,0.0,0.0,0.0,0.0,0.0,0.0,1.0,0.0,0.0,0.0312909,0.00732485,0.0,0.0,0.0,0.0,0.0,0.0,0.000165831,0.0,0.0,0.0,0.0,0.0,0.0,0.0,0.0,0.0,0.0,0.0,0.000243576,0.0545814,0.220179,0.174627,0.160157,0.0,0.0835055,-0.0145143,-0.0213519,0.0,0.186068,0.167032,0.12339,0.179563,0.0,0.0,0.0086508,0.0329294,0.0093772,0.0347268
30,0.0,0.0,0.0,0.0,0.0,0.0,0.0,0.0,-0.000721646,0.0,0.0,0.0,0.0,0.0,0.0,0.0,0.0,0.0,0.0,0.0,0.0,0.0,0.0,0.0,0.0,0.0,0.0,0.0,0.0,0.0,1.0,0.0,0.0,0.0,0.0,0.0,0.0,0.0,0.0,0.0,0.0,0.0,0.0,0.0,0.0,0.0,0.0,0.0,0.0,0.0,0.0,0.0,0.0,0.0,0.0,0.0,0.0,-0.146525,0.0,0.0,0.0,-0.118525,0.0,0.0,0.0,0.0,-0.132647,-0.213717,0.0,0.0,0.0,0.0
31,0.0,0.0,0.0,0.0,3.19983e-06,0.0,0.0,0.0,0.00256337,0.0,0.0,0.0,0.0,0.0,-1.17567e-06,0.0,0.0,0.0,0.0,0.0,0.0,0.0,0.0,0.0,0.0,0.0,0.0,0.0,0.0,0.0,0.0,1.0,0.0,0.0,0.0,0.0,0.0,0.0,0.0,0.0,0.0,0.0,0.000165831,0.0,0.0,0.0,0.0,0.0,0.0,0.0,0.0,0.0,0.0,0.0,0.0,0.0,0.0,-0.141947,0.0,0.0,0.0,-0.114821,0.0,0.0,0.0,0.0,-0.213717,-0.119076,0.0,0.0,0.0,0.0
32,0.0,0.0,0.0,0.0,0.0,0.000538562,0.00134271,-0.00217756,0.0,0.0,0.0,0.0,0.0,0.0,0.0,0.0,6.26428e-05,0.0339841,0.27908,0.374227,0.0198109,0.0,0.380444,0.514897,0.0272577,0.0,0.461728,0.121422,0.120466,0.0312909,0.0,0.0,1.0,0.658292,0.0,0.0,0.0,0.0,0.0,8.4671e-05,0.000112831,-0.000436568,0.0,0.0,0.0,0.0,0.0,0.0,0.0,0.0,0.0,0.0,0.000480046,1.76602e-05,0.00488124,0.00986632,0.0047198,0.0,0.0593955,0.14931,0.0714263,0.0,0.008432,0.0026282,0.000905911,0.00623589,0.0,0.0,7.07603e-06,0.00614403,0.000154097,0.0214973
33,4.87803e-05,0.00121556,0.00108391,-0.00175784,0.0,0.0129234,0.0197762,-0.0320723,0.0,0.000935251,0.00160627,0.000523611,-0.00115629,0.0,0.0,6.26428e-05,0.00322724,0.0931549,0.479991,0.265532,0.0140568,0.0,0.708374,0.580434,0.0307271,0.0,0.434301,0.354639,0.354415,0.00732485,0.0,0.0,0.658292,1.0,5.72989e-06,0.000220324,0.000103291,-0.000399654,0.0,0.00414696,0.00339797,-0.0131475,0.0,0.000100866,0.000360072,8.23127e-05,-0.000124339,0.0,0.0,0.0,0.000215474,0.000480046,0.0114728,0.0110786,0.089947,0.0874698,0.0418434,0.0,0.229386,0.351021,0.16792,0.0,0.101,0.0667189,0.0565459,0.0368332,0.0,0.0,0.00614403,0.055909,0.0214973,0.121451
34,8.93483e-06,0.0235075,0.0359476,0.0348244,0.0,0.0685552,0.0961423,0.0931382,0.0,0.033988,0.0319869,0.001459,0.0545814,0.0,0.0,1.76602e-05,0.0110786,0.0,0.0,0.0,0.0,0.0,5.56101e-06,0.0,3.51507e-05,0.0,0.0,0.0,0.0,0.0,0.0,0.0,0.0,5.72989e-06,1.0,0.219059,0.0,0.0,0.0,0.184261,0.0,0.0,0.0,0.0791027,0.0791027,0.0791027,0.0,0.0,0.0,0.0314349,0.0911738,0.0327017,0.0921727,0.0,0.0,0.0,0.0,0.0,0.0,0.0,0.0,0.0,0.0,0.0,0.0,0.0,0.0,0.0,0.0,0.0,0.0,0.0
35,0.0235075,0.224431,0.21858,0.21175,0.0,0.377406,0.411197,0.398349,0.0,0.236321,0.228249,0.1051,0.220179,0.0,0.0,0.00488124,0.089947,0.0,0.0,0.0,0.0,0.0,0.000229976,0.0,0.00115047,0.0,0.0,0.0,0.0,0.0,0.0,0.0,0.0,0.000220324,0.219059,1.0,0.0,0.0,0.0,0.812273,0.0,0.0,0.0,0.710235,0.710235,0.710235,0.0,0.0,0.0,0.26792,0.471973,0.27352,0.47602,0.0,0.0,0.0,0.0,0.0,3.09037e-06,3.42674e-06,1.88115e-05,0.0,0.0,0.0,0.0,0.0,0.0,0.0,0.0,3.3846e-06,0.0,0.0
36,-0.0359476,-0.21858,-0.116151,-0.238608,0.0,-0.185791,0.0444062,-0.204464,0.0,-0.132129,-0.289716,-0.112653,-0.174627,0.0,0.0,-0.00986632,-0.0874698,0.0,0.0,0.0,0.0,0.0,0.0,0.00013285,0.0,0.0,0.0,0.0,0.0,0.0,0.0,0.0,0.0,0.000103291,0.0,0.0,1.0,0.0,0.0,0.0,0.569754,0.0,0.0,0.0,0.0,0.0,0.0,0.0,0.0,-0.0784714,-0.0573258,0.360142,0.259242,0.0,0.0,0.0,0.0,0.0,-1.26583e-06,0.0,-7.73332e-06,0.0,0.0,0.0,0.0,0.0,0.0,0.0,0.0,-2.86539e-06,0.0,0.0
37,-0.0348244,-0.21175,-0.238608,-0.100999,0.0,-0.179986,-0.204464,0.0573897,0.0,-0.291907,-0.116757,-0.109133,-0.160157,0.0,0.0,-0.0047198,-0.0418434,0.0,0.0,0.0,0.0,0.0,-0.000436791,0.0,-0.00207168,0.0,0.0,0.0,0.0,0.0,0.0,0.0,0.0,-0.000399654,0.0,0.0,0.0,1.0,0.0,0.0,0.0,0.569754,0.0,0.0,0.0,0.0,0.0,0.0,0.0,0.35494,0.259295,-0.0811993,-0.05845,0.0,0.0,0.0,0.0,0.0,-6.9489e-06,-7.73332e-06,-4.07124e-05,0.0,0.0,0.0,0.0,0.0,0.0,0.0,0.0,-7.02371e-06,0.0,0.0
38,0.0,0.0,0.0,0.0,0.130154,0.0,0.0,0.0,0.255465,0.0,0.0,0.0,0.0,0.146525,0.141947,0.0,0.0,0.0,0.0,0.0,0.0,0.0,0.0,0.0,0.0,0.00013285,0.0,0.0,0.0,0.0,0.0,0.0,0.0,0.0,0.0,0.0,0.0,0.0,1.0,0.0,0.0,0.0,0.569754,0.0,0.0,0.0,0.0,0.0,0.0,0.0,0.0,0.0,0.0,0.0,0.0,0.0,0.0,0.0,0.0,0.0,0.0,1.74053e-06,0.0,0.0,0.0,0.0,0.0,0.0,0.0,0.0,0.0,0.0
39,0.0685552,0.377406,0.185791,0.179986,0.0,0.598909,0.435565,0.421956,0.0,0.319895,0.316833,0.270128,0.0835055,0.0,0.0,0.0593955,0.229386,5.56101e-06,0.000229976,0.0,0.000436791,0.0,0.00449395,0.0,0.0147755,0.0,8.35998e-05,0.000398389,8.35998e-05,0.0,0.0,0.0,8.4671e-05,0.00414696,0.184261,0.812273,0.0,0.0,0.0,1.0,0.0,0.0,0.0,0.629936,0.629936,0.629936,0.0,0.0,0.0,0.37336,0.700358,0.376934,0.70441,0.0,3.09037e-06,1.26583e-06,6.9489e-06,0.0,0.000265446,0.000193049,0.00105977,0.0,0.0,5.11977e-06,0.0,1.36882e-06,0.0,0.0,0.0,0.000258808,0.0,9.88135e-06
40,-0.0961423,-0.411197,0.0444062,-0.204464,0.0,-0.435565,0.282138,-0.306873,0.0,-0.247398,-0.380581,-0.324479,0.0145143,0.0,0.0,-0.14931,-0.351021,0.0,0.0,0.00013285,0.0,0.0,0.0,0.00449395,0.0,0.0,0.0,0.0,0.0,0.000165831,0.0,0.0,0.000112831,0.00339797,0.0,0.0,0.569754,0.0,0.0,0.0,1.0,0.0,0.0,0.0,0.0,0.0,0.0,0.0,0.0,-0.111017,-0.126087,0.502379,0.568416,0.0,-3.42674e-06,0.0,-7.73332e-06,0.0,-0.000193049,0.000125048,-0.00077073,0.0,0.0,-6.14989e-06,0.0,0.0,0.0,0.0,-2.30431e-06,-0.000392822,0.0,-5.24544e-06
41,-0.0931382,-0.398349,-0.204464,0.0573897,0.0,-0.421956,-0.306873,0.301624,0.0,-0.372252,-0.236106,-0.31434,0.0213519,0.0,0.0,-0.0714263,-0.16792,-3.51507e-05,-0.00115047,0.0,-0.00207168,0.0,-0.0147755,0.0,-0.0440859,0.0,-0.000453987,-0.00197195,-0.000453987,0.0,0.0,0.0,-0.000436568,-0.0131475,0.0,0.0,0.0,0.569754,0.0,0.0,0.0,1.0,0.0,0.0,0.0,0.0,0.0,0.0,0.0,0.502151,0.570316,-0.113269,-0.128158,0.0,-1.88115e-05,-7.73332e-06,-4.07124e-05,0.0,-0.00105977,-0.00077073,-0.00396557,0.0,-6.10194e-06,-3.15872e-05,-5.15265e-06,-8.68333e-06,0.0,0.0,-5.64837e-06,-0.000962892,0.0,-4.66079e-05
42,0.0,0.0,0.0,0.0,0.255465,0.0,0.0,0.0,0.598909,0.0,0.0,0.0,0.0,0.118525,0.114821,0.0,0.0,0.0,0.0,0.0,0.0,0.00013285,0.0,0.0,0.0,0.00449395,0.0,0.0,0.0,0.0,0.0,0.000165831,0.0,0.0,0.0,0.0,0.0,0.0,0.569754,0.0,0.0,0.0,1.0,0.0,0.0,0.0,0.0,0.0,0.0,0.0,0.0,0.0,0.0,0.0,0.0,0.0,0.0,1.74053e-06,0.0,0.0,0.0,0.000265446,0.0,0.0,0.0,0.0,0.0,1.88215e-06,0.0,0.0,0.0,0.0
43,0.033988,0.236321,0.132129,0.291907,0.0,0.319895,0.247398,0.372252,0.0,0.125318,0.344954,0.102858,0.186068,0.0,0.0,0.008432,0.101,0.0,0.0,0.0,0.0,0.0,8.35998e-05,0.0,0.000453987,0.0,0.0,0.0,0.0,0.0,0.0,0.0,0.0,0.000100866,0.0791027,0.710235,0.0,0.0,0.0,0.629936,0.0,0.0,0.0,1.0,0.333333,0.333333,0.0,0.0,0.0,0.130157,0.351696,0.439472,0.427964,0.0,0.0,0.0,0.0,0.0,0.0,0.0,6.10194e-06,0.0,0.0,0.0,0.0,0.0,0.0,0.0,0.0,1.59669e-06,0.0,0.0
44,0.0319869,0.228249,0.289716,0.116757,0.0,0.316833,0.380581,0.236106,0.0,0.344954,0.112373,0.0983344,0.167032,0.0,0.0,0.0026282,0.0667189,0.0,0.0,0.0,0.0,0.0,0.000398389,0.0,0.00197195,0.0,0.0,0.0,0.0,0.0,0.0,0.0,0.0,0.000360072,0.0791027,0.710235,0.0,0.0,0.0,0.629936,0.0,0.0,0.0,0.333333,1.0,0.333333,0.0,0.0,0.0,0.433274,0.425362,0.133892,0.355095,0.0,0.0,0.0,0.0,0.0,5.11977e-06,6.14989e-06,3.15872e-05,0.0,0.0,0.0,0.0,0.0,0.0,0.0,0.0,5.08429e-06,0.0,0.0
45,0.001459,0.1051,0.112653,0.109133,0.0,0.270128,0.324479,0.31434,0.0,0.102858,0.0983344,0.0879637,0.12339,0.0,0.0,0.000905911,0.0565459,0.0,0.0,0.0,0.0,0.0,8.35998e-05,0.0,0.000453987,0.0,0.0,0.0,0.0,0.0,0.0,0.0,0.0,8.23127e-05,0.0791027,0.710235,0.0,0.0,0.0,0.629936,0.0,0.0,0.0,0.333333,0.333333,1.0,0.0,0.0,0.0,0.11458,0.34791,0.117526,0.351192,0.0,0.0,0.0,0.0,0.0,0.0,0.0,5.15265e-06,0.0,0.0,0.0,0.0,0.0,0.0,0.0,0.0,0.0,0.0,0.0
46,0.0545814,0.220179,0.174627,0.160157,0.0,0.0835055,-0.0145143,-0.0213519,0.0,0.186068,0.167032,0.12339,0.179563,0.0,0.0,0.00623589,0.0368332,0.0,0.0,0.0,0.0,0.0,0.0,-0.000165831,0.0,0.0,0.0,0.0,0.0,0.0,0.0,0.0,0.0,-0.000124339,0.0,0.0,0.0,0.0,0.0,0.0,0.0,0.0,0.0,0.0,0.0,0.0,1.0,0.0,0.0,-0.122037,-0.0296586,-0.125725,-0.0299807,0.0,0.0,0.0,0.0,0.0,1.36882e-06,0.0,8.68333e-06,0.0,0.0,0.0,0.0,0.0,0.0,0.0,0.0,2.95641e-06,0.0,0.0
47,0.0,0.0,0.0,0.0,-0.146525,0.0,0.0,0.0,-0.118525,0.0,0.0,0.0,0.0,-0.132647,-0.213717,0.0,0.0,0.0,0.0,0.0,0.0,0.0,0.0,0.0,0.0,0.0,0.0,0.0,0.0,0.0,0.0,0.0,0.0,0.0,0.0,0.0,0.0,0.0,0.0,0.0,0.0,0.0,0.0,0.0,0.0,0.0,0.0,1.0,0.0,0.0,0.0,0.0,0.0,0.0,0.0,0.0,0.0,0.0,0.0,0.0,0.0,0.0,0.0,0.0,0.0,0.0,0.0,0.0,0.0,0.0,0.0,0.0
48,0.0,0.0,0.0,0.0,-0.141947,0.0,0.0,0.0,-0.114821,0.0,0.0,0.0,0.0,-0.213717,-0.119076,0.0,0.0,0.0,0.0,0.0,0.0,0.0,0.0,0.0,0.0,-0.000165831,0.0,0.0,0.0,0.0,0.0,0.0,0.0,0.0,0.0,0.0,0.0,0.0,0.0,0.0,0.0,0.0,0.0,0.0,0.0,0.0,0.0,0.0,1.0,0.0,0.0,0.0,0.0,0.0,0.0,0.0,0.0,0.0,0.0,0.0,0.0,-1.88215e-06,0.0,0.0,0.0,0.0,0.0,0.0,0.0,0.0,0.0,0.0
49,5.53782e-05,0.00904324,0.00640184,0.0181257,0.0,0.0788362,0.0687986,0.194791,0.0,0.00381776,0.0172342,0.0019056,0.0093772,0.0,0.0,0.000154097,0.0214973,0.0,0.0,0.0,0.0,0.0,0.0,0.0,5.57212e-06,0.0,0.0,0.0,0.0,0.0,0.0,0.0,0.0,0.0,0.0314349,0.26792,-0.0784714,0.35494,0.0,0.37336,-0.111017,0.502151,0.0,0.130157,0.433274,0.11458,-0.122037,0.0,0.0,1.0,0.658292,0.0137941,0.132827,0.0,0.0,0.0,0.0,0.0,0.0,0.0,0.0,0.0,0.0,0.0,0.0,0.0,0.0,0.0,0.0,0.0,0.0,0.0
50,0.0153375,0.116251,0.03953,0.111922,0.0,0.27252,0.144665,0.409592,0.0,0.0819342,0.131619,0.0748528,0.0347268,0.0,0.0,0.0214973,0.121451,0.0,3.10455e-06,0.0,6.97286e-06,0.0,0.000244389,-4.3998e-05,0.00098442,0.0,0.0,5.28758e-06,0.0,0.0,0.0,0.0,0.0,0.000215474,0.0911738,0.471973,-0.0573258,0.259295,0.0,0.700358,-0.126087,0.570316,0.0,0.351696,0.425362,0.34791,-0.0296586,0.0,0.0,0.658292,1.0,0.132827,0.37388,0.0,0.0,0.0,0.0,0.0,9.88135e-06,5.24544e-06,4.66079e-05,0.0,0.0,0.0,0.0,0.0,0.0,0.0,0.0,1.39117e-05,0.0,0.0
51,5.17783e-05,0.00872151,0.0176416,0.00588969,0.0,0.0775357,0.193459,0.064587,0.0,0.0167845,0.0034916,0.00182416,0.0086508,0.0,0.0,7.07603e-06,0.00614403,0.0,0.0,0.0,0.0,0.0,0.000176049,0.000231183,0.0008686,0.0,0.0,0.0,0.0,0.0,0.0,0.0,0.0,0.000480046,0.0327017,0.27352,0.360142,-0.0811993,0.0,0.376934,0.502379,-0.113269,0.0,0.439472,0.133892,0.117526,-0.125725,0.0,0.0,0.0137941,0.132827,1.0,0.658292,0.0,0.0,0.0,0.0,0.0,0.0,2.30431e-06,5.64837e-06,0.0,0.0,0.0,0.0,0.0,0.0,0.0,0.0,0.0,0.0,0.0
52,0.0150473,0.114513,0.111284,0.0371524,0.0,0.269776,0.40947,0.136703,0.0,0.130577,0.0799772,0.0736301,0.0329294,0.0,0.0,0.00614403,0.055909,1.3374e-05,0.000433316,0.000201363,0.000756562,0.0,0.00650342,0.00524786,0.0197173,0.0,0.000208648,0.000699589,0.000171219,0.000243576,0.0,0.0,0.000480046,0.0114728,0.0921727,0.47602,0.259242,-0.05845,0.0,0.70441,0.568416,-0.128158,0.0,0.427964,0.355095,0.351192,-0.0299807,0.0,0.0,0.132827,0.37388,0.658292,1.0,0.0,3.3846e-06,2.86539e-06,7.02371e-06,0.0,0.000258808,0.000392822,0.000962892,0.0,1.59669e-06,5.08429e-06,0.0,2.95641e-06,0.0,0.0,0.0,0.000127488,0.0,1.39117e-05
53,0.0,0.0,0.0,0.0,0.0,5.56101e-06,0.0,-3.51507e-05,0.0,0.0,0.0,0.0,0.0,0.0,0.0,0.0,5.72989e-06,8.93483e-06,0.0235075,-0.0359476,-0.0348244,0.0,0.0685552,-0.0961423,-0.0931382,0.0,0.033988,0.0319869,0.001459,0.0545814,0.0,0.0,1.76602e-05,0.0110786,0.0,0.0,0.0,0.0,0.0,0.0,0.0,0.0,0.0,0.0,0.0,0.0,0.0,0.0,0.0,0.0,0.0,0.0,0.0,1.0,0.219059,0.0,0.0,0.0,0.184261,0.0,0.0,0.0,0.0791027,0.0791027,0.0791027,0.0,0.0,0.0,0.0327017,0.0921727,0.0314349,0.0911738
54,0.0,0.0,0.0,0.0,0.0,0.000229976,0.0,-0.00115047,0.0,0.0,0.0,0.0,0.0,0.0,0.0,0.0,0.000220324,0.0235075,0.224431,-0.21858,-0.21175,0.0,0.377406,-0.411197,-0.398349,0.0,0.236321,0.228249,0.1051,0.220179,0.0,0.0,0.00488124,0.089947,0.0,0.0,0.0,0.0,0.0,3.09037e-06,-3.42674e-06,-1.88115e-05,0.0,0.0,0.0,0.0,0.0,0.0,0.0,0.0,0.0,0.0,3.3846e-06,0.219059,1.0,0.0,0.0,0.0,0.812273,0.0,0.0,0.0,0.710235,0.710235,0.710235,0.0,0.0,0.0,0.27352,0.47602,0.26792,0.471973
55,0.0,0.0,0.0,0.0,0.0,0.0,0.00013285,0.0,0.0,0.0,0.0,0.0,0.0,0.0,0.0,0.0,-0.000103291,0.0359476,0.21858,-0.116151,-0.238608,0.0,0.185791,0.0444062,-0.204464,0.0,0.132129,0.289716,0.112653,0.174627,0.0,0.0,0.00986632,0.0874698,0.0,0.0,0.0,0.0,0.0,1.26583e-06,0.0,-7.73332e-06,0.0,0.0,0.0,0.0,0.0,0.0,0.0,0.0,0.0,0.0,2.86539e-06,0.0,0.0,1.0,0.0,0.0,0.0,0.569754,0.0,0.0,0.0,0.0,0.0,0.0,0.0,0.0,-0.360142,-0.259242,0.0784714,0.0573258
56,0.0,0.0,0.0,0.0,0.0,0.000436791,0.0,-0.00207168,0.0,0.0,0.0,0.0,0.0,0.0,0.0,0.0,0.000399654,0.0348244,0.21175,-0.238608,-0.100999,0.0,0.179986,-0.204464,0.0573897,0.0,0.291907,0.116757,0.109133,0.160157,0.0,0.0,0.0047198,0.0418434,0.0,0.0,0.0,0.0,0.0,6.9489e-06,-7.73332e-06,-4.07124e-05,0.0,0.0,0.0,0.0,0.0,0.0,0.0,0.0,0.0,0.0,7.02371e-06,0.0,0.0,0.0,1.0,0.0,0.0,0.0,0.569754,0.0,0.0,0.0,0.0,0.0,0.0,0.0,0.0811993,0.05845,-0.35494,-0.259295
57,0.0,0.0,0.0,0.0,0.0,0.0,0.0,0.0,0.00013285,0.0,0.0,0.0,0.0,0.0,0.0,0.0,0.0,0.0,0.0,0.0,0.0,0.130154,0.0,0.0,0.0,0.255465,0.0,0.0,0.0,0.0,-0.146525,-0.141947,0.0,0.0,0.0,0.0,0.0,0.0,0.0,0.0,0.0,0.0,1.74053e-06,0.0,0.0,0.0,0.0,0.0,0.0,0.0,0.0,0.0,0.0,0.0,0.0,0.0,0.0,1.0,0.0,0.0,0.0,0.569754,0.0,0.0,0.0,0.0,0.0,0.0,0.0,0.0,0.0,0.0
58,5.56101e-06,0.000229976,0.0,-0.000436791,0.0,0.00449395,0.0,-0.0147755,0.0,8.35998e-05,0.000398389,8.35998e-05,0.0,0.0,0.0,8.4671e-05,0.00414696,0.0685552,0.377406,-0.185791,-0.179986,0.0,0.598909,-0.435565,-0.421956,0.0,0.319895,0.316833,0.270128,0.0835055,0.0,0.0,0.0593955,0.229386,0.0,3.09037e-06,-1.26583e-06,-6.9489e-06,0.0,0.000265446,-0.000193049,-0.00105977,0.0,0.0,5.11977e-06,0.0,1.36882e-06,0.0,0.0,0.0,9.88135e-06,0.0,0.000258808,0.184261,0.812273,0.0,0.0,0.0,1.0,0.0,0.0,0.0,0.629936,0.629936,0.629936,0.0,0.0,0.0,0.376934,0.70441,0.37336,0.700358
59,0.0,0.0,0.00013285,0.0,0.0,0.0,0.00449395,0.0,0.0,0.0,0.0,0.0,-0.000165831,0.0,0.0,-0.000112831,-0.00339797,0.0961423,0.411197,0.0444062,-0.204464,0.0,0.435565,0.282138,-0.306873,0.0,0.247398,0.380581,0.324479,-0.0145143,0.0,0.0,0.14931,0.351021,0.0,3.42674e-06,0.0,-7.73332e-06,0.0,0.000193049,0.000125048,-0.00077073,0.0,0.0,6.14989e-06,0.0,0.0,0.0,0.0,0.0,5.24544e-06,2.30431e-06,0.000392822,0.0,0.0,0.569754,0.0,0.0,0.0,1.0,0.0,0.0,0.0,0.0,0.0,0.0,0.0,0.0,-0.502379,-0.568416,0.111017,0.126087
60,3.51507e-05,0.00115047,0.0,-0.00207168,0.0,0.0147755,0.0,-0.0440859,0.0,0.000453987,0.00197195,0.000453987,0.0,0.0,0.0,0.000436568,0.0131475,0.0931382,0.398349,-0.204464,0.0573897,0.0,0.421956,-0.306873,0.301624,0.0,0.372252,0.236106,0.31434,-0.0213519,0.0,0.0,0.0714263,0.16792,0.0,1.88115e-05,-7.73332e-06,-4.07124e-05,0.0,0.00105977,-0.00077073,-0.00396557,0.0,6.10194e-06,3.15872e-05,5.15265e-06,8.68333e-06,0.0,0.0,0.0,4.66079e-05,5.64837e-06,0.000962892,0.0,0.0,0.0,0.569754,0.0,0.0,0.0,1.0,0.0,0.0,0.0,0.0,0.0,0.0,0.0,0.113269,0.128158,-0.502151,-0.570316
61,0.0,0.0,0.0,0.0,0.00013285,0.0,0.0,0.0,0.00449395,0.0,0.0,0.0,0.0,0.0,-0.000165831,0.0,0.0,0.0,0.0,0.0,0.0,0.255465,0.0,0.0,0.0,0.598909,0.0,0.0,0.0,0.0,-0.118525,-0.114821,0.0,0.0,0.0,0.0,0.0,0.0,1.74053e-06,0.0,0.0,0.0,0.000265446,0.0,0.0,0.0,0.0,0.0,-1.88215e-06,0.0,0.0,0.0,0.0,0.0,0.0,0.0,0.0,0.569754,0.0,0.0,0.0,1.0,0.0,0.0,0.0,0.0,0.0,0.0,0.0,0.0,0.0,0.0
62,0.0,0.0,0.0,0.0,0.0,8.35998e-05,0.0,-0.000453987,0.0,0.0,0.0,0.0,0.0,0.0,0.0,0.0,0.000100866,0.033988,0.236321,-0.132129,-0.291907,0.0,0.319895,-0.247398,-0.372252,0.0,0.125318,0.344954,0.102858,0.186068,0.0,0.0,0.008432,0.101,0.0,0.0,0.0,0.0,0.0,0.0,0.0,-6.10194e-06,0.0,0.0,0.0,0.0,0.0,0.0,0.0,0.0,0.0,0.0,1.59669e-06,0.0791027,0.710235,0.0,0.0,0.0,0.629936,0.0,0.0,0.0,1.0,0.333333,0.333333,0.0,0.0,0.0,0.439472,0.427964,0.130157,0.351696
63,0.0,0.0,0.0,0.0,0.0,0.000398389,0.0,-0.00197195,0.0,0.0,0.0,0.0,0.0,0.0,0.0,0.0,0.000360072,0.0319869,0.228249,-0.289716,-0.116757,0.0,0.316833,-0.380581,-0.236106,0.0,0.344954,0.112373,0.0983344,0.167032,0.0,0.0,0.0026282,0.0667189,0.0,0.0,0.0,0.0,0.0,5.11977e-06,-6.14989e-06,-3.15872e-05,0.0,0.0,0.0,0.0,0.0,0.0,0.0,0.0,0.0,0.0,5.08429e-06,0.0791027,0.710235,0.0,0.0,0.0,0.629936,0.0,0.0,0.0,0.333333,1.0,0.333333,0.0,0.0,0.0,0.133892,0.355095,0.433274,0.425362
64,0.0,0.0,0.0,0.0,0.0,8.35998e-05,0.0,-0.000453987,0.0,0.0,0.0,0.0,0.0,0.0,0.0,0.0,8.23127e-05,0.001459,0.1051,-0.112653,-0.109133,0.0,0.270128,-0.324479,-0.31434,0.0,0.102858,0.0983344,0.0879637,0.12339,0.0,0.0,0.000905911,0.0565459,0.0,0.0,0.0,0.0,0.0,0.0,0.0,-5.15265e-06,0.0,0.0,0.0,0.0,0.0,0.0,0.0,0.0,0.0,0.0,0.0,0.0791027,0.710235,0.0,0.0,0.0,0.629936,0.0,0.0,0.0,0.333333,0.333333,1.0,0.0,0.0,0.0,0.117526,0.351192,0.11458,0.34791
65,0.0,0.0,0.0,0.0,0.0,0.0,0.000165831,0.0,0.0,0.0,0.0,0.0,0.0,0.0,0.0,0.0,-0.000124339,0.0545814,0.220179,-0.174627,-0.160157,0.0,0.0835055,0.0145143,0.0213519,0.0,0.186068,0.167032,0.12339,0.179563,0.0,0.0,0.00623589,0.0368332,0.0,0.0,0.0,0.0,0.0,1.36882e-06,0.0,-8.68333e-06,0.0,0.0,0.0,0.0,0.0,0.0,0.0,0.0,0.0,0.0,2.95641e-06,0.0,0.0,0.0,0.0,0.0,0.0,0.0,0.0,0.0,0.0,0.0,0.0,1.0,0.0,0.0,-0.125725,-0.0299807,-0.122037,-0.0296586
66,0.0,0.0,0.0,0.0,0.0,0.0,0.0,0.0,0.0,0.0,0.0,0.0,0.0,0.0,0.0,0.0,0.0,0.0,0.0,0.0,0.0,0.146525,0.0,0.0,0.0,0.118525,0.0,0.0,0.0,0.0,-0.132647,-0.213717,0.0,0.0,0.0,0.0,0.0,0.0,0.0,0.0,0.0,0.0,0.0,0.0,0.0,0.0,0.0,0.0,0.0,0.0,0.0,0.0,0.0,0.0,0.0,0.0,0.0,0.0,0.0,0.0,0.0,0.0,0.0,0.0,0.0,0.0,1.0,0.0,0.0,0.0,0.0,0.0
67,0.0,0.0,0.0,0.0,0.0,0.0,0.0,0.0,0.000165831,0.0,0.0,0.0,0.0,0.0,0.0,0.0,0.0,0.0,0.0,0.0,0.0,0.141947,0.0,0.0,0.0,0.114821,0.0,0.0,0.0,0.0,-0.213717,-0.119076,0.0,0.0,0.0,0.0,0.0,0.0,0.0,0.0,0.0,0.0,1.88215e-06,0.0,0.0,0.0,0.0,0.0,0.0,0.0,0.0,0.0,0.0,0.0,0.0,0.0,0.0,0.0,0.0,0.0,0.0,0.0,0.0,0.0,0.0,0.0,0.0,1.0,0.0,0.0,0.0,0.0
68,0.0,0.0,0.0,0.0,0.0,0.000176049,-0.000231183,-0.0008686,0.0,0.0,0.0,0.0,0.0,0.0,0.0,0.0,0.000480046,5.17783e-05,0.00872151,-0.0176416,-0.00588969,0.0,0.0775357,-0.193459,-0.064587,0.0,0.0167845,0.0034916,0.00182416,0.0086508,0.0,0.0,7.07603e-06,0.00614403,0.0,0.0,0.0,0.0,0.0,0.0,-2.30431e-06,-5.64837e-06,0.0,0.0,0.0,0.0,0.0,0.0,0.0,0.0,0.0,0.0,0.0,0.0327017,0.27352,-0.360142,0.0811993,0.0,0.376934,-0.502379,0.113269,0.0,0.439472,0.133892,0.117526,-0.125725,0.0,0.0,1.0,0.658292,0.0137941,0.132827
69,1.3374e-05,0.000433316,-0.000201363,-0.000756562,0.0,0.00650342,-0.00524786,-0.0197173,0.0,0.000208648,0.000699589,0.000171219,0.000243576,0.0,0.0,0.000480046,0.0114728,0.0150473,0.114513,-0.111284,-0.0371524,0.0,0.269776,-0.40947,-0.136703,0.0,0.130577,0.0799772,0.0736301,0.0329294,0.0,0.0,0.00614403,0.055909,0.0,3.3846e-06,-2.86539e-06,-7.02371e-06,0.0,0.000258808,-0.000392822,-0.000962892,0.0,1.59669e-06,5.08429e-06,0.0,2.95641e-06,0.0,0.0,0.0,1.39117e-05,0.0,0.000127488,0.0921727,0.47602,-0.259242,0.05845,0.0,0.70441,-0.568416,0.128158,0.0,0.427964,0.355095,0.351192,-0.0299807,0.0,0.0,0.658292,1.0,0.132827,0.37388
70,0.0,0.0,0.0,0.0,0.0,0.0,0.0,-5.57212e-06,0.0,0.0,0.0,0.0,0.0,0.0,0.0,0.0,0.0,5.53782e-05,0.00904324,-0.00640184,-0.0181257,0.0,0.0788362,-0.0687986,-0.194791,0.0,0.00381776,0.0172342,0.0019056,0.0093772,0.0,0.0,0.000154097,0.0214973,0.0,0.0,0.0,0.0,0.0,0.0,0.0,0.0,0.0,0.0,0.0,0.0,0.0,0.0,0.0,0.0,0.0,0.0,0.0,0.0314349,0.26792,0.0784714,-0.35494,0.0,0.37336,0.111017,-0.502151,0.0,0.130157,0.433274,0.11458,-0.122037,0.0,0.0,0.0137941,0.132827,1.0,0.658292
71,0.0,3.10455e-06,0.0,-6.97286e-06,0.0,0.000244389,4.3998e-05,-0.00098442,0.0,0.0,5.28758e-06,0.0,0.0,0.0,0.0,0.0,0.000215474,0.0153375,0.116251,-0.03953,-0.111922,0.0,0.27252,-0.144665,-0.409592,0.0,0.0819342,0.131619,0.0748528,0.0347268,0.0,0.0,0.0214973,0.121451,0.0,0.0,0.0,0.0,0.0,9.88135e-06,-5.24544e-06,-4.66079e-05,0.0,0.0,0.0,0.0,0.0,0.0,0.0,0.0,0.0,0.0,1.39117e-05,0.0911738,0.471973,0.0573258,-0.259295,0.0,0.700358,0.126087,-0.570316,0.0,0.351696,0.425362,0.34791,-0.0296586,0.0,0.0,0.132827,0.37388,0.658292,1.0
